Uniprot ID,Gene Symbol,variant,QAFI_predictions
Q9NXB0,MKS1,M1A,0.963
Q9NXB0,MKS1,M1Y,0.906
Q9NXB0,MKS1,M1W,0.926
Q9NXB0,MKS1,M1V,1.058
Q9NXB0,MKS1,M1T,1.014
Q9NXB0,MKS1,M1S,0.922
Q9NXB0,MKS1,M1Q,0.971
Q9NXB0,MKS1,M1P,0.853
Q9NXB0,MKS1,M1N,0.892
Q9NXB0,MKS1,M1R,0.954
Q9NXB0,MKS1,M1K,0.966
Q9NXB0,MKS1,M1L,1.066
Q9NXB0,MKS1,M1D,0.788
Q9NXB0,MKS1,M1E,0.885
Q9NXB0,MKS1,M1F,0.953
Q9NXB0,MKS1,M1C,0.901
Q9NXB0,MKS1,M1H,0.896
Q9NXB0,MKS1,M1I,1.054
Q9NXB0,MKS1,M1G,0.816
Q9NXB0,MKS1,A2P,1.014
Q9NXB0,MKS1,A2Y,0.937
Q9NXB0,MKS1,A2W,0.854
Q9NXB0,MKS1,A2V,1.076
Q9NXB0,MKS1,A2T,1.088
Q9NXB0,MKS1,A2S,1.088
Q9NXB0,MKS1,A2R,0.934
Q9NXB0,MKS1,A2Q,0.968
Q9NXB0,MKS1,A2N,0.965
Q9NXB0,MKS1,A2G,1.053
Q9NXB0,MKS1,A2L,0.98
Q9NXB0,MKS1,A2M,1.02
Q9NXB0,MKS1,A2D,0.96
Q9NXB0,MKS1,A2E,1.0
Q9NXB0,MKS1,A2F,0.931
Q9NXB0,MKS1,A2C,1.032
Q9NXB0,MKS1,A2H,0.915
Q9NXB0,MKS1,A2I,1.006
Q9NXB0,MKS1,A2K,0.953
Q9NXB0,MKS1,E3Y,0.985
Q9NXB0,MKS1,E3W,0.915
Q9NXB0,MKS1,E3V,1.05
Q9NXB0,MKS1,E3T,1.026
Q9NXB0,MKS1,E3S,1.028
Q9NXB0,MKS1,E3R,1.058
Q9NXB0,MKS1,E3Q,1.18
Q9NXB0,MKS1,E3P,0.988
Q9NXB0,MKS1,E3N,1.06
Q9NXB0,MKS1,E3G,1.046
Q9NXB0,MKS1,E3L,0.96
Q9NXB0,MKS1,E3C,0.906
Q9NXB0,MKS1,E3D,1.187
Q9NXB0,MKS1,E3F,0.919
Q9NXB0,MKS1,E3A,1.083
Q9NXB0,MKS1,E3H,1.056
Q9NXB0,MKS1,E3I,0.999
Q9NXB0,MKS1,E3K,1.137
Q9NXB0,MKS1,E3M,1.019
Q9NXB0,MKS1,T4M,1.078
Q9NXB0,MKS1,T4W,0.877
Q9NXB0,MKS1,T4V,1.059
Q9NXB0,MKS1,T4S,1.111
Q9NXB0,MKS1,T4R,1.006
Q9NXB0,MKS1,T4Q,0.991
Q9NXB0,MKS1,T4P,1.005
Q9NXB0,MKS1,T4N,1.066
Q9NXB0,MKS1,T4Y,0.961
Q9NXB0,MKS1,T4L,0.991
Q9NXB0,MKS1,T4I,1.066
Q9NXB0,MKS1,T4H,0.968
Q9NXB0,MKS1,T4G,0.955
Q9NXB0,MKS1,T4F,0.948
Q9NXB0,MKS1,T4E,0.966
Q9NXB0,MKS1,T4D,0.946
Q9NXB0,MKS1,T4C,1.012
Q9NXB0,MKS1,T4A,1.102
Q9NXB0,MKS1,T4K,1.018
Q9NXB0,MKS1,V5P,0.904
Q9NXB0,MKS1,V5Q,0.93
Q9NXB0,MKS1,V5R,0.9
Q9NXB0,MKS1,V5N,0.904
Q9NXB0,MKS1,V5T,1.042
Q9NXB0,MKS1,V5W,0.883
Q9NXB0,MKS1,V5Y,0.94
Q9NXB0,MKS1,V5S,0.93
Q9NXB0,MKS1,V5M,1.12
Q9NXB0,MKS1,V5F,0.988
Q9NXB0,MKS1,V5K,0.918
Q9NXB0,MKS1,V5A,1.062
Q9NXB0,MKS1,V5C,0.982
Q9NXB0,MKS1,V5D,0.908
Q9NXB0,MKS1,V5E,0.961
Q9NXB0,MKS1,V5L,1.082
Q9NXB0,MKS1,V5G,0.932
Q9NXB0,MKS1,V5H,0.886
Q9NXB0,MKS1,V5I,1.201
Q9NXB0,MKS1,W6Y,0.938
Q9NXB0,MKS1,W6V,0.768
Q9NXB0,MKS1,W6T,0.784
Q9NXB0,MKS1,W6S,0.786
Q9NXB0,MKS1,W6R,0.836
Q9NXB0,MKS1,W6Q,0.863
Q9NXB0,MKS1,W6N,0.702
Q9NXB0,MKS1,W6M,0.857
Q9NXB0,MKS1,W6P,0.7
Q9NXB0,MKS1,W6A,0.758
Q9NXB0,MKS1,W6K,0.798
Q9NXB0,MKS1,W6C,0.857
Q9NXB0,MKS1,W6D,0.661
Q9NXB0,MKS1,W6E,0.786
Q9NXB0,MKS1,W6L,0.836
Q9NXB0,MKS1,W6G,0.807
Q9NXB0,MKS1,W6H,0.78
Q9NXB0,MKS1,W6I,0.738
Q9NXB0,MKS1,W6F,0.892
Q9NXB0,MKS1,S7Y,0.95
Q9NXB0,MKS1,S7W,0.887
Q9NXB0,MKS1,S7V,0.922
Q9NXB0,MKS1,S7T,1.088
Q9NXB0,MKS1,S7R,0.96
Q9NXB0,MKS1,S7Q,0.961
Q9NXB0,MKS1,S7P,0.98
Q9NXB0,MKS1,S7N,1.102
Q9NXB0,MKS1,S7M,0.96
Q9NXB0,MKS1,S7L,0.938
Q9NXB0,MKS1,S7I,0.935
Q9NXB0,MKS1,S7A,1.086
Q9NXB0,MKS1,S7C,1.022
Q9NXB0,MKS1,S7D,0.958
Q9NXB0,MKS1,S7K,0.963
Q9NXB0,MKS1,S7F,0.954
Q9NXB0,MKS1,S7G,1.028
Q9NXB0,MKS1,S7H,0.945
Q9NXB0,MKS1,S7E,0.934
Q9NXB0,MKS1,T8M,1.022
Q9NXB0,MKS1,T8W,0.82
Q9NXB0,MKS1,T8V,1.002
Q9NXB0,MKS1,T8S,1.053
Q9NXB0,MKS1,T8R,0.95
Q9NXB0,MKS1,T8Q,0.935
Q9NXB0,MKS1,T8P,0.948
Q9NXB0,MKS1,T8N,1.008
Q9NXB0,MKS1,T8Y,0.905
Q9NXB0,MKS1,T8L,0.935
Q9NXB0,MKS1,T8I,1.01
Q9NXB0,MKS1,T8H,0.912
Q9NXB0,MKS1,T8G,0.899
Q9NXB0,MKS1,T8F,0.892
Q9NXB0,MKS1,T8E,0.91
Q9NXB0,MKS1,T8D,0.891
Q9NXB0,MKS1,T8C,0.956
Q9NXB0,MKS1,T8A,1.044
Q9NXB0,MKS1,T8K,0.962
Q9NXB0,MKS1,D9P,0.777
Q9NXB0,MKS1,D9Q,0.869
Q9NXB0,MKS1,D9S,0.874
Q9NXB0,MKS1,D9N,0.964
Q9NXB0,MKS1,D9V,0.81
Q9NXB0,MKS1,D9W,0.715
Q9NXB0,MKS1,D9Y,0.854
Q9NXB0,MKS1,D9T,0.838
Q9NXB0,MKS1,D9M,0.779
Q9NXB0,MKS1,D9R,0.782
Q9NXB0,MKS1,D9K,0.834
Q9NXB0,MKS1,D9C,0.792
Q9NXB0,MKS1,D9E,0.996
Q9NXB0,MKS1,D9F,0.8
Q9NXB0,MKS1,D9A,0.851
Q9NXB0,MKS1,D9L,0.742
Q9NXB0,MKS1,D9H,0.885
Q9NXB0,MKS1,D9I,0.792
Q9NXB0,MKS1,D9G,0.883
Q9NXB0,MKS1,T10N,0.962
Q9NXB0,MKS1,T10Y,0.848
Q9NXB0,MKS1,T10W,0.783
Q9NXB0,MKS1,T10V,0.956
Q9NXB0,MKS1,T10S,1.008
Q9NXB0,MKS1,T10R,0.894
Q9NXB0,MKS1,T10Q,0.878
Q9NXB0,MKS1,T10P,0.892
Q9NXB0,MKS1,T10M,0.97
Q9NXB0,MKS1,T10L,0.879
Q9NXB0,MKS1,T10K,0.904
Q9NXB0,MKS1,T10C,0.9
Q9NXB0,MKS1,T10D,0.843
Q9NXB0,MKS1,T10E,0.853
Q9NXB0,MKS1,T10A,0.998
Q9NXB0,MKS1,T10G,0.842
Q9NXB0,MKS1,T10H,0.855
Q9NXB0,MKS1,T10I,0.956
Q9NXB0,MKS1,T10F,0.835
Q9NXB0,MKS1,G11P,0.766
Q9NXB0,MKS1,G11Y,0.73
Q9NXB0,MKS1,G11W,0.798
Q9NXB0,MKS1,G11V,0.816
Q9NXB0,MKS1,G11T,0.822
Q9NXB0,MKS1,G11S,0.936
Q9NXB0,MKS1,G11R,0.841
Q9NXB0,MKS1,G11Q,0.805
Q9NXB0,MKS1,G11N,0.914
Q9NXB0,MKS1,G11M,0.728
Q9NXB0,MKS1,G11L,0.706
Q9NXB0,MKS1,G11C,0.81
Q9NXB0,MKS1,G11D,0.889
Q9NXB0,MKS1,G11E,0.85
Q9NXB0,MKS1,G11A,0.917
Q9NXB0,MKS1,G11H,0.789
Q9NXB0,MKS1,G11I,0.737
Q9NXB0,MKS1,G11K,0.802
Q9NXB0,MKS1,G11F,0.768
Q9NXB0,MKS1,E12P,0.899
Q9NXB0,MKS1,E12Y,0.87
Q9NXB0,MKS1,E12W,0.812
Q9NXB0,MKS1,E12V,0.936
Q9NXB0,MKS1,E12T,0.926
Q9NXB0,MKS1,E12S,0.937
Q9NXB0,MKS1,E12R,0.942
Q9NXB0,MKS1,E12Q,1.079
Q9NXB0,MKS1,E12N,0.958
Q9NXB0,MKS1,E12M,0.904
Q9NXB0,MKS1,E12L,0.869
Q9NXB0,MKS1,E12C,0.798
Q9NXB0,MKS1,E12D,1.096
Q9NXB0,MKS1,E12F,0.831
Q9NXB0,MKS1,E12A,0.96
Q9NXB0,MKS1,E12H,0.952
Q9NXB0,MKS1,E12I,0.888
Q9NXB0,MKS1,E12K,1.02
Q9NXB0,MKS1,E12G,0.923
Q9NXB0,MKS1,A13N,0.807
Q9NXB0,MKS1,A13W,0.744
Q9NXB0,MKS1,A13V,0.943
Q9NXB0,MKS1,A13T,0.933
Q9NXB0,MKS1,A13S,0.942
Q9NXB0,MKS1,A13R,0.799
Q9NXB0,MKS1,A13Q,0.824
Q9NXB0,MKS1,A13P,0.877
Q9NXB0,MKS1,A13M,0.876
Q9NXB0,MKS1,A13Y,0.79
Q9NXB0,MKS1,A13K,0.818
Q9NXB0,MKS1,A13C,0.882
Q9NXB0,MKS1,A13D,0.804
Q9NXB0,MKS1,A13E,0.845
Q9NXB0,MKS1,A13L,0.857
Q9NXB0,MKS1,A13G,0.9
Q9NXB0,MKS1,A13H,0.773
Q9NXB0,MKS1,A13I,0.86
Q9NXB0,MKS1,A13F,0.805
Q9NXB0,MKS1,V14N,0.853
Q9NXB0,MKS1,V14Y,0.903
Q9NXB0,MKS1,V14W,0.825
Q9NXB0,MKS1,V14T,0.989
Q9NXB0,MKS1,V14S,0.885
Q9NXB0,MKS1,V14R,0.851
Q9NXB0,MKS1,V14Q,0.875
Q9NXB0,MKS1,V14P,0.887
Q9NXB0,MKS1,V14M,1.03
Q9NXB0,MKS1,V14L,1.02
Q9NXB0,MKS1,V14K,0.88
Q9NXB0,MKS1,V14C,0.888
Q9NXB0,MKS1,V14D,0.863
Q9NXB0,MKS1,V14E,0.918
Q9NXB0,MKS1,V14A,0.976
Q9NXB0,MKS1,V14G,0.882
Q9NXB0,MKS1,V14H,0.836
Q9NXB0,MKS1,V14I,1.102
Q9NXB0,MKS1,V14F,0.948
Q9NXB0,MKS1,Y15M,0.877
Q9NXB0,MKS1,Y15V,0.855
Q9NXB0,MKS1,Y15T,0.823
Q9NXB0,MKS1,Y15S,0.836
Q9NXB0,MKS1,Y15R,0.786
Q9NXB0,MKS1,Y15Q,0.86
Q9NXB0,MKS1,Y15P,0.787
Q9NXB0,MKS1,Y15N,0.823
Q9NXB0,MKS1,Y15L,0.894
Q9NXB0,MKS1,Y15W,0.908
Q9NXB0,MKS1,Y15I,0.864
Q9NXB0,MKS1,Y15A,0.825
Q9NXB0,MKS1,Y15C,0.887
Q9NXB0,MKS1,Y15D,0.784
Q9NXB0,MKS1,Y15K,0.782
Q9NXB0,MKS1,Y15F,1.068
Q9NXB0,MKS1,Y15G,0.742
Q9NXB0,MKS1,Y15H,1.0
Q9NXB0,MKS1,Y15E,0.789
Q9NXB0,MKS1,R16M,0.963
Q9NXB0,MKS1,R16W,0.922
Q9NXB0,MKS1,R16V,0.88
Q9NXB0,MKS1,R16T,0.952
Q9NXB0,MKS1,R16S,0.946
Q9NXB0,MKS1,R16Q,1.046
Q9NXB0,MKS1,R16P,0.9
Q9NXB0,MKS1,R16N,0.978
Q9NXB0,MKS1,R16L,0.938
Q9NXB0,MKS1,R16Y,0.909
Q9NXB0,MKS1,R16I,0.893
Q9NXB0,MKS1,R16A,0.908
Q9NXB0,MKS1,R16C,0.934
Q9NXB0,MKS1,R16D,0.846
Q9NXB0,MKS1,R16K,1.078
Q9NXB0,MKS1,R16F,0.84
Q9NXB0,MKS1,R16G,0.926
Q9NXB0,MKS1,R16H,1.021
Q9NXB0,MKS1,R16E,0.944
Q9NXB0,MKS1,S17M,0.946
Q9NXB0,MKS1,S17W,0.845
Q9NXB0,MKS1,S17V,0.919
Q9NXB0,MKS1,S17T,1.041
Q9NXB0,MKS1,S17R,0.936
Q9NXB0,MKS1,S17Q,0.948
Q9NXB0,MKS1,S17P,0.962
Q9NXB0,MKS1,S17N,1.054
Q9NXB0,MKS1,S17Y,0.918
Q9NXB0,MKS1,S17L,0.942
Q9NXB0,MKS1,S17I,0.926
Q9NXB0,MKS1,S17H,0.921
Q9NXB0,MKS1,S17G,1.0
Q9NXB0,MKS1,S17F,0.956
Q9NXB0,MKS1,S17E,0.92
Q9NXB0,MKS1,S17D,0.946
Q9NXB0,MKS1,S17C,0.97
Q9NXB0,MKS1,S17A,1.038
Q9NXB0,MKS1,S17K,0.954
Q9NXB0,MKS1,R18P,0.985
Q9NXB0,MKS1,R18Q,1.134
Q9NXB0,MKS1,R18S,1.032
Q9NXB0,MKS1,R18N,1.066
Q9NXB0,MKS1,R18V,0.962
Q9NXB0,MKS1,R18W,1.018
Q9NXB0,MKS1,R18Y,0.991
Q9NXB0,MKS1,R18T,1.035
Q9NXB0,MKS1,R18M,1.042
Q9NXB0,MKS1,R18F,0.908
Q9NXB0,MKS1,R18K,1.168
Q9NXB0,MKS1,R18C,1.024
Q9NXB0,MKS1,R18D,0.916
Q9NXB0,MKS1,R18E,1.022
Q9NXB0,MKS1,R18A,0.979
Q9NXB0,MKS1,R18G,1.007
Q9NXB0,MKS1,R18H,1.108
Q9NXB0,MKS1,R18I,0.975
Q9NXB0,MKS1,R18L,1.011
Q9NXB0,MKS1,D19P,0.92
Q9NXB0,MKS1,D19Y,0.949
Q9NXB0,MKS1,D19W,0.82
Q9NXB0,MKS1,D19V,0.924
Q9NXB0,MKS1,D19T,0.972
Q9NXB0,MKS1,D19S,1.015
Q9NXB0,MKS1,D19R,0.905
Q9NXB0,MKS1,D19Q,1.0
Q9NXB0,MKS1,D19N,1.09
Q9NXB0,MKS1,D19M,0.909
Q9NXB0,MKS1,D19L,0.867
Q9NXB0,MKS1,D19C,0.885
Q9NXB0,MKS1,D19E,1.126
Q9NXB0,MKS1,D19F,0.923
Q9NXB0,MKS1,D19A,0.966
Q9NXB0,MKS1,D19H,0.986
Q9NXB0,MKS1,D19I,0.909
Q9NXB0,MKS1,D19K,0.961
Q9NXB0,MKS1,D19G,1.014
Q9NXB0,MKS1,P20N,0.914
Q9NXB0,MKS1,P20Y,0.879
Q9NXB0,MKS1,P20W,0.796
Q9NXB0,MKS1,P20V,0.936
Q9NXB0,MKS1,P20T,0.997
Q9NXB0,MKS1,P20S,1.006
Q9NXB0,MKS1,P20R,0.931
Q9NXB0,MKS1,P20Q,1.002
Q9NXB0,MKS1,P20M,0.935
Q9NXB0,MKS1,P20L,0.952
Q9NXB0,MKS1,P20K,0.94
Q9NXB0,MKS1,P20C,0.847
Q9NXB0,MKS1,P20D,0.921
Q9NXB0,MKS1,P20E,0.948
Q9NXB0,MKS1,P20A,1.01
Q9NXB0,MKS1,P20G,0.904
Q9NXB0,MKS1,P20H,0.944
Q9NXB0,MKS1,P20I,0.896
Q9NXB0,MKS1,P20F,0.841
Q9NXB0,MKS1,V21N,0.797
Q9NXB0,MKS1,V21Y,0.863
Q9NXB0,MKS1,V21W,0.793
Q9NXB0,MKS1,V21T,0.944
Q9NXB0,MKS1,V21S,0.834
Q9NXB0,MKS1,V21R,0.797
Q9NXB0,MKS1,V21Q,0.822
Q9NXB0,MKS1,V21P,0.844
Q9NXB0,MKS1,V21M,1.011
Q9NXB0,MKS1,V21L,1.012
Q9NXB0,MKS1,V21K,0.822
Q9NXB0,MKS1,V21C,0.864
Q9NXB0,MKS1,V21D,0.804
Q9NXB0,MKS1,V21E,0.86
Q9NXB0,MKS1,V21A,0.941
Q9NXB0,MKS1,V21G,0.838
Q9NXB0,MKS1,V21H,0.79
Q9NXB0,MKS1,V21I,1.086
Q9NXB0,MKS1,V21F,0.935
Q9NXB0,MKS1,R22N,1.08
Q9NXB0,MKS1,R22Y,0.992
Q9NXB0,MKS1,R22W,1.0
Q9NXB0,MKS1,R22V,0.956
Q9NXB0,MKS1,R22T,1.046
Q9NXB0,MKS1,R22S,1.045
Q9NXB0,MKS1,R22Q,1.146
Q9NXB0,MKS1,R22P,0.996
Q9NXB0,MKS1,R22M,1.04
Q9NXB0,MKS1,R22L,1.004
Q9NXB0,MKS1,R22K,1.184
Q9NXB0,MKS1,R22C,1.014
Q9NXB0,MKS1,R22D,0.95
Q9NXB0,MKS1,R22E,1.049
Q9NXB0,MKS1,R22A,0.999
Q9NXB0,MKS1,R22G,1.02
Q9NXB0,MKS1,R22H,1.116
Q9NXB0,MKS1,R22I,0.962
Q9NXB0,MKS1,R22F,0.907
Q9NXB0,MKS1,N23P,0.826
Q9NXB0,MKS1,N23Y,0.884
Q9NXB0,MKS1,N23W,0.754
Q9NXB0,MKS1,N23V,0.829
Q9NXB0,MKS1,N23T,0.976
Q9NXB0,MKS1,N23S,1.022
Q9NXB0,MKS1,N23R,0.923
Q9NXB0,MKS1,N23Q,0.939
Q9NXB0,MKS1,N23M,0.87
Q9NXB0,MKS1,N23L,0.813
Q9NXB0,MKS1,N23K,0.95
Q9NXB0,MKS1,N23C,0.839
Q9NXB0,MKS1,N23D,1.0
Q9NXB0,MKS1,N23E,0.907
Q9NXB0,MKS1,N23A,0.874
Q9NXB0,MKS1,N23G,0.948
Q9NXB0,MKS1,N23H,1.007
Q9NXB0,MKS1,N23I,0.85
Q9NXB0,MKS1,N23F,0.841
Q9NXB0,MKS1,L24P,0.77
Q9NXB0,MKS1,L24Y,0.813
Q9NXB0,MKS1,L24W,0.792
Q9NXB0,MKS1,L24V,0.944
Q9NXB0,MKS1,L24T,0.79
Q9NXB0,MKS1,L24S,0.758
Q9NXB0,MKS1,L24R,0.754
Q9NXB0,MKS1,L24Q,0.778
Q9NXB0,MKS1,L24N,0.682
Q9NXB0,MKS1,L24M,0.992
Q9NXB0,MKS1,L24K,0.706
Q9NXB0,MKS1,L24C,0.789
Q9NXB0,MKS1,L24D,0.639
Q9NXB0,MKS1,L24E,0.688
Q9NXB0,MKS1,L24A,0.796
Q9NXB0,MKS1,L24G,0.644
Q9NXB0,MKS1,L24H,0.76
Q9NXB0,MKS1,L24I,0.986
Q9NXB0,MKS1,L24F,0.936
Q9NXB0,MKS1,R25N,0.938
Q9NXB0,MKS1,R25Y,0.857
Q9NXB0,MKS1,R25W,0.866
Q9NXB0,MKS1,R25V,0.836
Q9NXB0,MKS1,R25T,0.912
Q9NXB0,MKS1,R25S,0.908
Q9NXB0,MKS1,R25Q,1.0
Q9NXB0,MKS1,R25P,0.859
Q9NXB0,MKS1,R25M,0.917
Q9NXB0,MKS1,R25L,0.891
Q9NXB0,MKS1,R25K,1.04
Q9NXB0,MKS1,R25C,0.89
Q9NXB0,MKS1,R25D,0.804
Q9NXB0,MKS1,R25E,0.899
Q9NXB0,MKS1,R25A,0.867
Q9NXB0,MKS1,R25G,0.889
Q9NXB0,MKS1,R25H,0.975
Q9NXB0,MKS1,R25I,0.839
Q9NXB0,MKS1,R25F,0.786
Q9NXB0,MKS1,L26N,0.731
Q9NXB0,MKS1,L26W,0.832
Q9NXB0,MKS1,L26V,0.987
Q9NXB0,MKS1,L26T,0.841
Q9NXB0,MKS1,L26S,0.812
Q9NXB0,MKS1,L26R,0.798
Q9NXB0,MKS1,L26Q,0.828
Q9NXB0,MKS1,L26P,0.82
Q9NXB0,MKS1,L26M,1.036
Q9NXB0,MKS1,L26Y,0.853
Q9NXB0,MKS1,L26I,1.024
Q9NXB0,MKS1,L26A,0.846
Q9NXB0,MKS1,L26C,0.838
Q9NXB0,MKS1,L26D,0.688
Q9NXB0,MKS1,L26K,0.756
Q9NXB0,MKS1,L26F,0.97
Q9NXB0,MKS1,L26G,0.696
Q9NXB0,MKS1,L26H,0.808
Q9NXB0,MKS1,L26E,0.736
Q9NXB0,MKS1,R27N,0.95
Q9NXB0,MKS1,R27Y,0.89
Q9NXB0,MKS1,R27W,0.904
Q9NXB0,MKS1,R27V,0.874
Q9NXB0,MKS1,R27T,0.93
Q9NXB0,MKS1,R27S,0.922
Q9NXB0,MKS1,R27Q,1.014
Q9NXB0,MKS1,R27P,0.874
Q9NXB0,MKS1,R27M,0.954
Q9NXB0,MKS1,R27L,0.941
Q9NXB0,MKS1,R27K,1.052
Q9NXB0,MKS1,R27C,0.924
Q9NXB0,MKS1,R27D,0.811
Q9NXB0,MKS1,R27E,0.909
Q9NXB0,MKS1,R27A,0.89
Q9NXB0,MKS1,R27G,0.904
Q9NXB0,MKS1,R27H,0.998
Q9NXB0,MKS1,R27I,0.887
Q9NXB0,MKS1,R27F,0.835
Q9NXB0,MKS1,V28N,0.591
Q9NXB0,MKS1,V28Y,0.723
Q9NXB0,MKS1,V28W,0.656
Q9NXB0,MKS1,V28T,0.788
Q9NXB0,MKS1,V28S,0.657
Q9NXB0,MKS1,V28R,0.577
Q9NXB0,MKS1,V28Q,0.652
Q9NXB0,MKS1,V28P,0.614
Q9NXB0,MKS1,V28M,0.926
Q9NXB0,MKS1,V28L,0.93
Q9NXB0,MKS1,V28K,0.602
Q9NXB0,MKS1,V28C,0.812
Q9NXB0,MKS1,V28D,0.57
Q9NXB0,MKS1,V28E,0.635
Q9NXB0,MKS1,V28A,0.84
Q9NXB0,MKS1,V28G,0.647
Q9NXB0,MKS1,V28H,0.604
Q9NXB0,MKS1,V28I,1.011
Q9NXB0,MKS1,V28F,0.817
Q9NXB0,MKS1,H29P,0.9
Q9NXB0,MKS1,H29Y,1.059
Q9NXB0,MKS1,H29W,0.897
Q9NXB0,MKS1,H29V,0.849
Q9NXB0,MKS1,H29T,0.888
Q9NXB0,MKS1,H29S,0.916
Q9NXB0,MKS1,H29R,1.014
Q9NXB0,MKS1,H29Q,1.0
Q9NXB0,MKS1,H29N,1.026
Q9NXB0,MKS1,H29M,0.916
Q9NXB0,MKS1,H29L,0.908
Q9NXB0,MKS1,H29C,0.908
Q9NXB0,MKS1,H29D,0.936
Q9NXB0,MKS1,H29E,0.927
Q9NXB0,MKS1,H29A,0.867
Q9NXB0,MKS1,H29G,0.876
Q9NXB0,MKS1,H29I,0.861
Q9NXB0,MKS1,H29K,0.928
Q9NXB0,MKS1,H29F,0.954
Q9NXB0,MKS1,L30N,0.619
Q9NXB0,MKS1,L30W,0.77
Q9NXB0,MKS1,L30V,0.93
Q9NXB0,MKS1,L30T,0.734
Q9NXB0,MKS1,L30S,0.686
Q9NXB0,MKS1,L30R,0.673
Q9NXB0,MKS1,L30Q,0.7
Q9NXB0,MKS1,L30P,0.652
Q9NXB0,MKS1,L30M,0.979
Q9NXB0,MKS1,L30Y,0.761
Q9NXB0,MKS1,L30I,0.976
Q9NXB0,MKS1,L30A,0.746
Q9NXB0,MKS1,L30C,0.806
Q9NXB0,MKS1,L30D,0.512
Q9NXB0,MKS1,L30K,0.637
Q9NXB0,MKS1,L30F,0.912
Q9NXB0,MKS1,L30G,0.571
Q9NXB0,MKS1,L30H,0.656
Q9NXB0,MKS1,L30E,0.565
Q9NXB0,MKS1,Q31N,0.818
Q9NXB0,MKS1,Q31Y,0.901
Q9NXB0,MKS1,Q31W,0.936
Q9NXB0,MKS1,Q31V,0.837
Q9NXB0,MKS1,Q31T,0.823
Q9NXB0,MKS1,Q31S,0.836
Q9NXB0,MKS1,Q31R,0.944
Q9NXB0,MKS1,Q31P,0.848
Q9NXB0,MKS1,Q31M,0.966
Q9NXB0,MKS1,Q31L,0.901
Q9NXB0,MKS1,Q31K,0.906
Q9NXB0,MKS1,Q31C,0.862
Q9NXB0,MKS1,Q31D,0.786
Q9NXB0,MKS1,Q31E,0.948
Q9NXB0,MKS1,Q31A,0.826
Q9NXB0,MKS1,Q31G,0.787
Q9NXB0,MKS1,Q31H,0.952
Q9NXB0,MKS1,Q31I,0.82
Q9NXB0,MKS1,Q31F,0.81
Q9NXB0,MKS1,R32M,0.858
Q9NXB0,MKS1,R32W,0.802
Q9NXB0,MKS1,R32V,0.776
Q9NXB0,MKS1,R32T,0.848
Q9NXB0,MKS1,R32S,0.844
Q9NXB0,MKS1,R32Q,0.936
Q9NXB0,MKS1,R32P,0.8
Q9NXB0,MKS1,R32N,0.874
Q9NXB0,MKS1,R32L,0.83
Q9NXB0,MKS1,R32Y,0.794
Q9NXB0,MKS1,R32I,0.779
Q9NXB0,MKS1,R32A,0.806
Q9NXB0,MKS1,R32C,0.83
Q9NXB0,MKS1,R32D,0.74
Q9NXB0,MKS1,R32K,0.977
Q9NXB0,MKS1,R32F,0.726
Q9NXB0,MKS1,R32G,0.826
Q9NXB0,MKS1,R32H,0.913
Q9NXB0,MKS1,R32E,0.837
Q9NXB0,MKS1,I33N,0.858
Q9NXB0,MKS1,I33W,0.808
Q9NXB0,MKS1,I33V,1.118
Q9NXB0,MKS1,I33T,0.952
Q9NXB0,MKS1,I33S,0.872
Q9NXB0,MKS1,I33R,0.824
Q9NXB0,MKS1,I33Q,0.809
Q9NXB0,MKS1,I33P,0.814
Q9NXB0,MKS1,I33M,1.034
Q9NXB0,MKS1,I33Y,0.915
Q9NXB0,MKS1,I33K,0.824
Q9NXB0,MKS1,I33A,0.912
Q9NXB0,MKS1,I33C,0.903
Q9NXB0,MKS1,I33D,0.796
Q9NXB0,MKS1,I33L,1.062
Q9NXB0,MKS1,I33F,0.974
Q9NXB0,MKS1,I33G,0.776
Q9NXB0,MKS1,I33H,0.81
Q9NXB0,MKS1,I33E,0.816
Q9NXB0,MKS1,T34M,0.887
Q9NXB0,MKS1,T34W,0.7
Q9NXB0,MKS1,T34V,0.868
Q9NXB0,MKS1,T34S,0.92
Q9NXB0,MKS1,T34R,0.815
Q9NXB0,MKS1,T34Q,0.8
Q9NXB0,MKS1,T34P,0.814
Q9NXB0,MKS1,T34N,0.874
Q9NXB0,MKS1,T34Y,0.77
Q9NXB0,MKS1,T34L,0.8
Q9NXB0,MKS1,T34I,0.875
Q9NXB0,MKS1,T34H,0.776
Q9NXB0,MKS1,T34G,0.764
Q9NXB0,MKS1,T34F,0.757
Q9NXB0,MKS1,T34E,0.774
Q9NXB0,MKS1,T34D,0.76
Q9NXB0,MKS1,T34C,0.822
Q9NXB0,MKS1,T34A,0.911
Q9NXB0,MKS1,T34K,0.826
Q9NXB0,MKS1,S35N,0.955
Q9NXB0,MKS1,S35P,0.866
Q9NXB0,MKS1,S35R,0.848
Q9NXB0,MKS1,S35M,0.848
Q9NXB0,MKS1,S35V,0.81
Q9NXB0,MKS1,S35W,0.776
Q9NXB0,MKS1,S35Y,0.838
Q9NXB0,MKS1,S35T,0.943
Q9NXB0,MKS1,S35L,0.826
Q9NXB0,MKS1,S35Q,0.843
Q9NXB0,MKS1,S35I,0.824
Q9NXB0,MKS1,S35C,0.901
Q9NXB0,MKS1,S35D,0.84
Q9NXB0,MKS1,S35E,0.816
Q9NXB0,MKS1,S35A,0.942
Q9NXB0,MKS1,S35K,0.845
Q9NXB0,MKS1,S35G,0.9
Q9NXB0,MKS1,S35H,0.834
Q9NXB0,MKS1,S35F,0.843
Q9NXB0,MKS1,S36N,1.054
Q9NXB0,MKS1,S36Y,0.932
Q9NXB0,MKS1,S36W,0.87
Q9NXB0,MKS1,S36V,0.905
Q9NXB0,MKS1,S36T,1.04
Q9NXB0,MKS1,S36R,0.942
Q9NXB0,MKS1,S36Q,0.936
Q9NXB0,MKS1,S36P,0.96
Q9NXB0,MKS1,S36M,0.942
Q9NXB0,MKS1,S36L,0.92
Q9NXB0,MKS1,S36K,0.938
Q9NXB0,MKS1,S36C,0.995
Q9NXB0,MKS1,S36D,0.934
Q9NXB0,MKS1,S36E,0.91
Q9NXB0,MKS1,S36A,1.038
Q9NXB0,MKS1,S36G,0.994
Q9NXB0,MKS1,S36H,0.928
Q9NXB0,MKS1,S36I,0.918
Q9NXB0,MKS1,S36F,0.937
Q9NXB0,MKS1,N37P,0.882
Q9NXB0,MKS1,N37Y,0.974
Q9NXB0,MKS1,N37W,0.851
Q9NXB0,MKS1,N37V,0.909
Q9NXB0,MKS1,N37T,1.037
Q9NXB0,MKS1,N37S,1.082
Q9NXB0,MKS1,N37R,0.989
Q9NXB0,MKS1,N37Q,0.997
Q9NXB0,MKS1,N37M,0.95
Q9NXB0,MKS1,N37L,0.88
Q9NXB0,MKS1,N37K,1.026
Q9NXB0,MKS1,N37C,0.942
Q9NXB0,MKS1,N37D,1.058
Q9NXB0,MKS1,N37E,0.961
Q9NXB0,MKS1,N37A,0.946
Q9NXB0,MKS1,N37G,0.986
Q9NXB0,MKS1,N37H,1.072
Q9NXB0,MKS1,N37I,0.952
Q9NXB0,MKS1,N37F,0.904
Q9NXB0,MKS1,F38P,0.862
Q9NXB0,MKS1,F38Y,1.167
Q9NXB0,MKS1,F38W,1.044
Q9NXB0,MKS1,F38V,1.025
Q9NXB0,MKS1,F38T,0.966
Q9NXB0,MKS1,F38S,1.002
Q9NXB0,MKS1,F38R,0.93
Q9NXB0,MKS1,F38Q,0.93
Q9NXB0,MKS1,F38N,0.925
Q9NXB0,MKS1,F38M,1.03
Q9NXB0,MKS1,F38L,1.069
Q9NXB0,MKS1,F38C,1.025
Q9NXB0,MKS1,F38D,0.916
Q9NXB0,MKS1,F38E,0.864
Q9NXB0,MKS1,F38A,0.956
Q9NXB0,MKS1,F38H,1.022
Q9NXB0,MKS1,F38I,1.051
Q9NXB0,MKS1,F38K,0.904
Q9NXB0,MKS1,F38G,0.874
Q9NXB0,MKS1,L39P,0.94
Q9NXB0,MKS1,L39Y,0.946
Q9NXB0,MKS1,L39W,0.944
Q9NXB0,MKS1,L39V,1.043
Q9NXB0,MKS1,L39T,0.951
Q9NXB0,MKS1,L39S,0.937
Q9NXB0,MKS1,L39R,0.948
Q9NXB0,MKS1,L39Q,0.968
Q9NXB0,MKS1,L39N,0.886
Q9NXB0,MKS1,L39M,1.09
Q9NXB0,MKS1,L39K,0.911
Q9NXB0,MKS1,L39C,0.935
Q9NXB0,MKS1,L39D,0.833
Q9NXB0,MKS1,L39E,0.876
Q9NXB0,MKS1,L39A,0.94
Q9NXB0,MKS1,L39G,0.816
Q9NXB0,MKS1,L39H,0.936
Q9NXB0,MKS1,L39I,1.069
Q9NXB0,MKS1,L39F,1.023
Q9NXB0,MKS1,H40P,0.966
Q9NXB0,MKS1,H40Y,1.119
Q9NXB0,MKS1,H40W,0.959
Q9NXB0,MKS1,H40V,0.898
Q9NXB0,MKS1,H40T,0.948
Q9NXB0,MKS1,H40S,0.97
Q9NXB0,MKS1,H40R,1.076
Q9NXB0,MKS1,H40Q,1.067
Q9NXB0,MKS1,H40N,1.084
Q9NXB0,MKS1,H40M,0.954
Q9NXB0,MKS1,H40L,0.961
Q9NXB0,MKS1,H40C,0.97
Q9NXB0,MKS1,H40D,1.008
Q9NXB0,MKS1,H40E,0.99
Q9NXB0,MKS1,H40A,0.918
Q9NXB0,MKS1,H40G,0.92
Q9NXB0,MKS1,H40I,0.926
Q9NXB0,MKS1,H40K,0.985
Q9NXB0,MKS1,H40F,1.005
Q9NXB0,MKS1,Y41N,0.997
Q9NXB0,MKS1,Y41W,1.051
Q9NXB0,MKS1,Y41V,0.968
Q9NXB0,MKS1,Y41T,0.96
Q9NXB0,MKS1,Y41S,0.982
Q9NXB0,MKS1,Y41R,0.977
Q9NXB0,MKS1,Y41Q,1.019
Q9NXB0,MKS1,Y41P,0.911
Q9NXB0,MKS1,Y41M,0.986
Q9NXB0,MKS1,Y41L,0.998
Q9NXB0,MKS1,Y41K,0.94
Q9NXB0,MKS1,Y41C,1.035
Q9NXB0,MKS1,Y41D,0.944
Q9NXB0,MKS1,Y41E,0.939
Q9NXB0,MKS1,Y41A,0.948
Q9NXB0,MKS1,Y41G,0.903
Q9NXB0,MKS1,Y41H,1.129
Q9NXB0,MKS1,Y41I,0.972
Q9NXB0,MKS1,Y41F,1.156
Q9NXB0,MKS1,Q42N,1.028
Q9NXB0,MKS1,Q42Y,1.006
Q9NXB0,MKS1,Q42W,1.007
Q9NXB0,MKS1,Q42V,0.968
Q9NXB0,MKS1,Q42T,1.011
Q9NXB0,MKS1,Q42S,1.006
Q9NXB0,MKS1,Q42R,1.108
Q9NXB0,MKS1,Q42P,1.03
Q9NXB0,MKS1,Q42M,1.062
Q9NXB0,MKS1,Q42L,1.018
Q9NXB0,MKS1,Q42K,1.086
Q9NXB0,MKS1,Q42C,0.956
Q9NXB0,MKS1,Q42D,0.994
Q9NXB0,MKS1,Q42E,1.106
Q9NXB0,MKS1,Q42A,0.998
Q9NXB0,MKS1,Q42G,0.94
Q9NXB0,MKS1,Q42H,1.096
Q9NXB0,MKS1,Q42I,0.95
Q9NXB0,MKS1,Q42F,0.92
Q9NXB0,MKS1,P43M,1.02
Q9NXB0,MKS1,P43W,0.836
Q9NXB0,MKS1,P43V,1.006
Q9NXB0,MKS1,P43T,1.087
Q9NXB0,MKS1,P43S,1.099
Q9NXB0,MKS1,P43R,1.012
Q9NXB0,MKS1,P43Q,1.097
Q9NXB0,MKS1,P43N,0.969
Q9NXB0,MKS1,P43L,1.049
Q9NXB0,MKS1,P43Y,0.968
Q9NXB0,MKS1,P43I,0.97
Q9NXB0,MKS1,P43A,1.112
Q9NXB0,MKS1,P43C,0.964
Q9NXB0,MKS1,P43D,0.954
Q9NXB0,MKS1,P43K,0.99
Q9NXB0,MKS1,P43F,0.944
Q9NXB0,MKS1,P43G,0.942
Q9NXB0,MKS1,P43H,1.04
Q9NXB0,MKS1,P43E,1.004
Q9NXB0,MKS1,A44P,1.06
Q9NXB0,MKS1,A44Y,0.976
Q9NXB0,MKS1,A44W,0.894
Q9NXB0,MKS1,A44V,1.137
Q9NXB0,MKS1,A44T,1.152
Q9NXB0,MKS1,A44S,1.154
Q9NXB0,MKS1,A44R,0.973
Q9NXB0,MKS1,A44Q,1.007
Q9NXB0,MKS1,A44N,1.004
Q9NXB0,MKS1,A44M,1.067
Q9NXB0,MKS1,A44L,1.018
Q9NXB0,MKS1,A44D,0.998
Q9NXB0,MKS1,A44E,1.043
Q9NXB0,MKS1,A44F,0.97
Q9NXB0,MKS1,A44C,1.083
Q9NXB0,MKS1,A44H,0.954
Q9NXB0,MKS1,A44I,1.05
Q9NXB0,MKS1,A44K,0.992
Q9NXB0,MKS1,A44G,1.108
Q9NXB0,MKS1,A45P,1.046
Q9NXB0,MKS1,A45Y,0.962
Q9NXB0,MKS1,A45W,0.88
Q9NXB0,MKS1,A45V,1.124
Q9NXB0,MKS1,A45T,1.138
Q9NXB0,MKS1,A45S,1.14
Q9NXB0,MKS1,A45R,0.96
Q9NXB0,MKS1,A45Q,0.994
Q9NXB0,MKS1,A45N,0.99
Q9NXB0,MKS1,A45M,1.054
Q9NXB0,MKS1,A45L,1.004
Q9NXB0,MKS1,A45D,0.984
Q9NXB0,MKS1,A45E,1.03
Q9NXB0,MKS1,A45F,0.956
Q9NXB0,MKS1,A45C,1.07
Q9NXB0,MKS1,A45H,0.94
Q9NXB0,MKS1,A45I,1.036
Q9NXB0,MKS1,A45K,0.978
Q9NXB0,MKS1,A45G,1.096
Q9NXB0,MKS1,E46P,0.978
Q9NXB0,MKS1,E46Y,0.967
Q9NXB0,MKS1,E46W,0.897
Q9NXB0,MKS1,E46V,1.032
Q9NXB0,MKS1,E46T,1.014
Q9NXB0,MKS1,E46S,1.025
Q9NXB0,MKS1,E46R,1.052
Q9NXB0,MKS1,E46Q,1.184
Q9NXB0,MKS1,E46N,1.055
Q9NXB0,MKS1,E46M,1.002
Q9NXB0,MKS1,E46L,0.942
Q9NXB0,MKS1,E46C,0.889
Q9NXB0,MKS1,E46D,1.193
Q9NXB0,MKS1,E46F,0.901
Q9NXB0,MKS1,E46A,1.068
Q9NXB0,MKS1,E46H,1.051
Q9NXB0,MKS1,E46I,0.982
Q9NXB0,MKS1,E46K,1.138
Q9NXB0,MKS1,E46G,1.028
Q9NXB0,MKS1,L47N,1.009
Q9NXB0,MKS1,L47W,1.083
Q9NXB0,MKS1,L47V,1.218
Q9NXB0,MKS1,L47T,1.092
Q9NXB0,MKS1,L47S,1.074
Q9NXB0,MKS1,L47R,1.087
Q9NXB0,MKS1,L47Q,1.113
Q9NXB0,MKS1,L47P,1.076
Q9NXB0,MKS1,L47M,1.275
Q9NXB0,MKS1,L47Y,1.086
Q9NXB0,MKS1,L47I,1.254
Q9NXB0,MKS1,L47A,1.078
Q9NXB0,MKS1,L47C,1.073
Q9NXB0,MKS1,L47D,0.944
Q9NXB0,MKS1,L47K,1.041
Q9NXB0,MKS1,L47F,1.186
Q9NXB0,MKS1,L47G,0.922
Q9NXB0,MKS1,L47H,1.072
Q9NXB0,MKS1,L47E,0.997
Q9NXB0,MKS1,G48P,0.91
Q9NXB0,MKS1,G48Y,0.892
Q9NXB0,MKS1,G48W,0.969
Q9NXB0,MKS1,G48V,0.99
Q9NXB0,MKS1,G48T,0.975
Q9NXB0,MKS1,G48S,1.113
Q9NXB0,MKS1,G48R,1.03
Q9NXB0,MKS1,G48Q,0.965
Q9NXB0,MKS1,G48N,1.066
Q9NXB0,MKS1,G48M,0.915
Q9NXB0,MKS1,G48L,0.859
Q9NXB0,MKS1,G48C,1.018
Q9NXB0,MKS1,G48D,1.042
Q9NXB0,MKS1,G48E,1.022
Q9NXB0,MKS1,G48A,1.12
Q9NXB0,MKS1,G48H,0.948
Q9NXB0,MKS1,G48I,0.908
Q9NXB0,MKS1,G48K,0.962
Q9NXB0,MKS1,G48F,0.921
Q9NXB0,MKS1,K49N,1.104
Q9NXB0,MKS1,K49W,0.97
Q9NXB0,MKS1,K49V,0.986
Q9NXB0,MKS1,K49T,1.059
Q9NXB0,MKS1,K49S,1.027
Q9NXB0,MKS1,K49R,1.186
Q9NXB0,MKS1,K49Q,1.136
Q9NXB0,MKS1,K49P,0.954
Q9NXB0,MKS1,K49M,1.074
Q9NXB0,MKS1,K49Y,0.938
Q9NXB0,MKS1,K49I,0.99
Q9NXB0,MKS1,K49A,0.998
Q9NXB0,MKS1,K49C,0.919
Q9NXB0,MKS1,K49D,0.97
Q9NXB0,MKS1,K49L,0.975
Q9NXB0,MKS1,K49F,0.897
Q9NXB0,MKS1,K49G,0.934
Q9NXB0,MKS1,K49H,1.031
Q9NXB0,MKS1,K49E,1.11
Q9NXB0,MKS1,D50N,1.131
Q9NXB0,MKS1,D50W,0.819
Q9NXB0,MKS1,D50V,0.938
Q9NXB0,MKS1,D50T,0.973
Q9NXB0,MKS1,D50S,1.018
Q9NXB0,MKS1,D50R,0.904
Q9NXB0,MKS1,D50Q,1.012
Q9NXB0,MKS1,D50P,0.897
Q9NXB0,MKS1,D50M,0.9
Q9NXB0,MKS1,D50Y,0.994
Q9NXB0,MKS1,D50K,0.969
Q9NXB0,MKS1,D50A,0.99
Q9NXB0,MKS1,D50C,0.916
Q9NXB0,MKS1,D50E,1.157
Q9NXB0,MKS1,D50L,0.852
Q9NXB0,MKS1,D50G,1.03
Q9NXB0,MKS1,D50H,1.031
Q9NXB0,MKS1,D50I,0.917
Q9NXB0,MKS1,D50F,0.925
Q9NXB0,MKS1,L51N,0.914
Q9NXB0,MKS1,L51W,0.988
Q9NXB0,MKS1,L51V,1.089
Q9NXB0,MKS1,L51T,0.996
Q9NXB0,MKS1,L51S,0.978
Q9NXB0,MKS1,L51R,0.992
Q9NXB0,MKS1,L51Q,1.014
Q9NXB0,MKS1,L51P,0.981
Q9NXB0,MKS1,L51Y,0.99
Q9NXB0,MKS1,L51M,1.136
Q9NXB0,MKS1,L51I,1.115
Q9NXB0,MKS1,L51H,0.978
Q9NXB0,MKS1,L51G,0.827
Q9NXB0,MKS1,L51F,1.069
Q9NXB0,MKS1,L51E,0.903
Q9NXB0,MKS1,L51D,0.848
Q9NXB0,MKS1,L51C,0.976
Q9NXB0,MKS1,L51A,0.982
Q9NXB0,MKS1,L51K,0.946
Q9NXB0,MKS1,I52P,0.856
Q9NXB0,MKS1,I52Q,0.876
Q9NXB0,MKS1,I52R,0.912
Q9NXB0,MKS1,I52N,0.932
Q9NXB0,MKS1,I52T,1.012
Q9NXB0,MKS1,I52V,1.12
Q9NXB0,MKS1,I52W,0.865
Q9NXB0,MKS1,I52S,0.928
Q9NXB0,MKS1,I52M,1.066
Q9NXB0,MKS1,I52Y,0.95
Q9NXB0,MKS1,I52K,0.912
Q9NXB0,MKS1,I52A,0.96
Q9NXB0,MKS1,I52C,0.951
Q9NXB0,MKS1,I52D,0.84
Q9NXB0,MKS1,I52L,1.058
Q9NXB0,MKS1,I52F,0.989
Q9NXB0,MKS1,I52G,0.817
Q9NXB0,MKS1,I52H,0.89
Q9NXB0,MKS1,I52E,0.87
Q9NXB0,MKS1,D53Y,0.981
Q9NXB0,MKS1,D53W,0.806
Q9NXB0,MKS1,D53V,0.926
Q9NXB0,MKS1,D53T,0.96
Q9NXB0,MKS1,D53S,1.005
Q9NXB0,MKS1,D53R,0.891
Q9NXB0,MKS1,D53Q,1.0
Q9NXB0,MKS1,D53N,1.118
Q9NXB0,MKS1,D53M,0.887
Q9NXB0,MKS1,D53P,0.884
Q9NXB0,MKS1,D53K,0.956
Q9NXB0,MKS1,D53L,0.839
Q9NXB0,MKS1,D53C,0.903
Q9NXB0,MKS1,D53E,1.146
Q9NXB0,MKS1,D53F,0.912
Q9NXB0,MKS1,D53A,0.977
Q9NXB0,MKS1,D53H,1.018
Q9NXB0,MKS1,D53I,0.903
Q9NXB0,MKS1,D53G,1.016
Q9NXB0,MKS1,L54N,0.861
Q9NXB0,MKS1,L54Y,0.922
Q9NXB0,MKS1,L54W,0.92
Q9NXB0,MKS1,L54V,1.018
Q9NXB0,MKS1,L54T,0.927
Q9NXB0,MKS1,L54S,0.913
Q9NXB0,MKS1,L54R,0.923
Q9NXB0,MKS1,L54Q,0.944
Q9NXB0,MKS1,L54M,1.066
Q9NXB0,MKS1,L54P,0.915
Q9NXB0,MKS1,L54I,1.044
Q9NXB0,MKS1,L54C,0.911
Q9NXB0,MKS1,L54D,0.807
Q9NXB0,MKS1,L54E,0.851
Q9NXB0,MKS1,L54A,0.915
Q9NXB0,MKS1,L54G,0.786
Q9NXB0,MKS1,L54H,0.911
Q9NXB0,MKS1,L54F,0.998
Q9NXB0,MKS1,L54K,0.887
Q9NXB0,MKS1,A55Y,0.952
Q9NXB0,MKS1,A55N,0.979
Q9NXB0,MKS1,A55W,0.869
Q9NXB0,MKS1,A55V,1.09
Q9NXB0,MKS1,A55T,1.102
Q9NXB0,MKS1,A55S,1.104
Q9NXB0,MKS1,A55R,0.949
Q9NXB0,MKS1,A55Q,0.982
Q9NXB0,MKS1,A55P,1.028
Q9NXB0,MKS1,A55M,1.035
Q9NXB0,MKS1,A55K,0.968
Q9NXB0,MKS1,A55I,1.021
Q9NXB0,MKS1,A55H,0.93
Q9NXB0,MKS1,A55G,1.068
Q9NXB0,MKS1,A55F,0.946
Q9NXB0,MKS1,A55E,1.016
Q9NXB0,MKS1,A55D,0.974
Q9NXB0,MKS1,A55C,1.047
Q9NXB0,MKS1,A55L,0.994
Q9NXB0,MKS1,T56N,1.026
Q9NXB0,MKS1,T56P,0.968
Q9NXB0,MKS1,T56Q,0.954
Q9NXB0,MKS1,T56M,1.04
Q9NXB0,MKS1,T56S,1.058
Q9NXB0,MKS1,T56V,1.021
Q9NXB0,MKS1,T56W,0.829
Q9NXB0,MKS1,T56R,0.969
Q9NXB0,MKS1,T56L,0.954
Q9NXB0,MKS1,T56Y,0.923
Q9NXB0,MKS1,T56I,1.029
Q9NXB0,MKS1,T56A,1.058
Q9NXB0,MKS1,T56C,0.976
Q9NXB0,MKS1,T56D,0.91
Q9NXB0,MKS1,T56K,0.98
Q9NXB0,MKS1,T56F,0.911
Q9NXB0,MKS1,T56G,0.918
Q9NXB0,MKS1,T56H,0.93
Q9NXB0,MKS1,T56E,0.928
Q9NXB0,MKS1,F57P,0.808
Q9NXB0,MKS1,F57Y,1.15
Q9NXB0,MKS1,F57W,1.038
Q9NXB0,MKS1,F57V,1.013
Q9NXB0,MKS1,F57T,0.939
Q9NXB0,MKS1,F57S,0.983
Q9NXB0,MKS1,F57R,0.894
Q9NXB0,MKS1,F57Q,0.894
Q9NXB0,MKS1,F57N,0.888
Q9NXB0,MKS1,F57D,0.876
Q9NXB0,MKS1,F57L,1.066
Q9NXB0,MKS1,F57C,1.013
Q9NXB0,MKS1,F57M,1.018
Q9NXB0,MKS1,F57E,0.811
Q9NXB0,MKS1,F57A,0.927
Q9NXB0,MKS1,F57H,1.009
Q9NXB0,MKS1,F57I,1.046
Q9NXB0,MKS1,F57K,0.861
Q9NXB0,MKS1,F57G,0.824
Q9NXB0,MKS1,R58M,1.043
Q9NXB0,MKS1,R58W,1.038
Q9NXB0,MKS1,R58V,0.947
Q9NXB0,MKS1,R58T,1.034
Q9NXB0,MKS1,R58S,1.03
Q9NXB0,MKS1,R58Q,1.148
Q9NXB0,MKS1,R58P,0.968
Q9NXB0,MKS1,R58N,1.06
Q9NXB0,MKS1,R58L,1.003
Q9NXB0,MKS1,R58Y,0.98
Q9NXB0,MKS1,R58I,0.966
Q9NXB0,MKS1,R58A,0.96
Q9NXB0,MKS1,R58C,1.042
Q9NXB0,MKS1,R58D,0.902
Q9NXB0,MKS1,R58K,1.182
Q9NXB0,MKS1,R58F,0.871
Q9NXB0,MKS1,R58G,1.013
Q9NXB0,MKS1,R58H,1.136
Q9NXB0,MKS1,R58E,1.006
Q9NXB0,MKS1,P59N,0.97
Q9NXB0,MKS1,P59W,0.837
Q9NXB0,MKS1,P59V,1.007
Q9NXB0,MKS1,P59T,1.075
Q9NXB0,MKS1,P59S,1.084
Q9NXB0,MKS1,P59R,1.014
Q9NXB0,MKS1,P59Q,1.082
Q9NXB0,MKS1,P59M,1.022
Q9NXB0,MKS1,P59Y,0.969
Q9NXB0,MKS1,P59L,1.044
Q9NXB0,MKS1,P59A,1.095
Q9NXB0,MKS1,P59C,0.966
Q9NXB0,MKS1,P59D,0.956
Q9NXB0,MKS1,P59E,1.006
Q9NXB0,MKS1,P59K,0.992
Q9NXB0,MKS1,P59G,0.943
Q9NXB0,MKS1,P59H,1.037
Q9NXB0,MKS1,P59I,0.97
Q9NXB0,MKS1,P59F,0.945
Q9NXB0,MKS1,Q60M,1.122
Q9NXB0,MKS1,Q60W,1.054
Q9NXB0,MKS1,Q60V,1.013
Q9NXB0,MKS1,Q60T,1.058
Q9NXB0,MKS1,Q60S,1.053
Q9NXB0,MKS1,Q60R,1.181
Q9NXB0,MKS1,Q60P,1.082
Q9NXB0,MKS1,Q60N,1.08
Q9NXB0,MKS1,Q60Y,1.054
Q9NXB0,MKS1,Q60K,1.152
Q9NXB0,MKS1,Q60I,0.994
Q9NXB0,MKS1,Q60H,1.165
Q9NXB0,MKS1,Q60G,0.985
Q9NXB0,MKS1,Q60F,0.965
Q9NXB0,MKS1,Q60E,1.178
Q9NXB0,MKS1,Q60D,1.038
Q9NXB0,MKS1,Q60C,1.002
Q9NXB0,MKS1,Q60A,1.043
Q9NXB0,MKS1,Q60L,1.068
Q9NXB0,MKS1,P61N,0.979
Q9NXB0,MKS1,P61Q,1.107
Q9NXB0,MKS1,P61R,1.022
Q9NXB0,MKS1,P61M,1.03
Q9NXB0,MKS1,P61T,1.097
Q9NXB0,MKS1,P61V,1.016
Q9NXB0,MKS1,P61W,0.845
Q9NXB0,MKS1,P61S,1.108
Q9NXB0,MKS1,P61Y,0.978
Q9NXB0,MKS1,P61L,1.058
Q9NXB0,MKS1,P61I,0.98
Q9NXB0,MKS1,P61A,1.122
Q9NXB0,MKS1,P61C,0.974
Q9NXB0,MKS1,P61D,0.964
Q9NXB0,MKS1,P61K,1.0
Q9NXB0,MKS1,P61F,0.954
Q9NXB0,MKS1,P61G,0.952
Q9NXB0,MKS1,P61H,1.05
Q9NXB0,MKS1,P61E,1.014
Q9NXB0,MKS1,T62N,1.117
Q9NXB0,MKS1,T62Y,0.988
Q9NXB0,MKS1,T62W,0.883
Q9NXB0,MKS1,T62V,1.11
Q9NXB0,MKS1,T62S,1.156
Q9NXB0,MKS1,T62R,1.044
Q9NXB0,MKS1,T62Q,1.025
Q9NXB0,MKS1,T62P,1.043
Q9NXB0,MKS1,T62M,1.134
Q9NXB0,MKS1,T62L,1.026
Q9NXB0,MKS1,T62K,1.058
Q9NXB0,MKS1,T62C,1.052
Q9NXB0,MKS1,T62D,0.97
Q9NXB0,MKS1,T62E,0.994
Q9NXB0,MKS1,T62A,1.155
Q9NXB0,MKS1,T62G,0.98
Q9NXB0,MKS1,T62H,0.996
Q9NXB0,MKS1,T62I,1.119
Q9NXB0,MKS1,T62F,0.972
Q9NXB0,MKS1,A63P,1.022
Q9NXB0,MKS1,A63Y,0.94
Q9NXB0,MKS1,A63W,0.856
Q9NXB0,MKS1,A63V,1.1
Q9NXB0,MKS1,A63T,1.116
Q9NXB0,MKS1,A63S,1.118
Q9NXB0,MKS1,A63R,0.936
Q9NXB0,MKS1,A63Q,0.97
Q9NXB0,MKS1,A63N,0.968
Q9NXB0,MKS1,A63M,1.031
Q9NXB0,MKS1,A63L,0.982
Q9NXB0,MKS1,A63D,0.962
Q9NXB0,MKS1,A63E,1.007
Q9NXB0,MKS1,A63F,0.933
Q9NXB0,MKS1,A63C,1.046
Q9NXB0,MKS1,A63H,0.918
Q9NXB0,MKS1,A63I,1.014
Q9NXB0,MKS1,A63K,0.955
Q9NXB0,MKS1,A63G,1.072
Q9NXB0,MKS1,S64N,1.089
Q9NXB0,MKS1,S64Y,0.944
Q9NXB0,MKS1,S64W,0.864
Q9NXB0,MKS1,S64V,0.908
Q9NXB0,MKS1,S64T,1.074
Q9NXB0,MKS1,S64R,0.956
Q9NXB0,MKS1,S64Q,0.948
Q9NXB0,MKS1,S64P,0.978
Q9NXB0,MKS1,S64M,0.956
Q9NXB0,MKS1,S64L,0.928
Q9NXB0,MKS1,S64K,0.951
Q9NXB0,MKS1,S64C,1.022
Q9NXB0,MKS1,S64D,0.946
Q9NXB0,MKS1,S64E,0.915
Q9NXB0,MKS1,S64A,1.072
Q9NXB0,MKS1,S64G,1.019
Q9NXB0,MKS1,S64H,0.937
Q9NXB0,MKS1,S64I,0.925
Q9NXB0,MKS1,S64F,0.949
Q9NXB0,MKS1,G65N,1.002
Q9NXB0,MKS1,G65W,0.905
Q9NXB0,MKS1,G65V,0.926
Q9NXB0,MKS1,G65T,0.911
Q9NXB0,MKS1,G65S,1.049
Q9NXB0,MKS1,G65R,0.966
Q9NXB0,MKS1,G65Q,0.901
Q9NXB0,MKS1,G65P,0.845
Q9NXB0,MKS1,G65M,0.85
Q9NXB0,MKS1,G65Y,0.827
Q9NXB0,MKS1,G65K,0.897
Q9NXB0,MKS1,G65A,1.055
Q9NXB0,MKS1,G65C,0.954
Q9NXB0,MKS1,G65D,0.978
Q9NXB0,MKS1,G65L,0.794
Q9NXB0,MKS1,G65F,0.856
Q9NXB0,MKS1,G65H,0.884
Q9NXB0,MKS1,G65I,0.844
Q9NXB0,MKS1,G65E,0.957
Q9NXB0,MKS1,H66P,0.951
Q9NXB0,MKS1,H66Y,1.142
Q9NXB0,MKS1,H66W,0.942
Q9NXB0,MKS1,H66V,0.865
Q9NXB0,MKS1,H66T,0.928
Q9NXB0,MKS1,H66S,0.957
Q9NXB0,MKS1,H66R,1.09
Q9NXB0,MKS1,H66Q,1.078
Q9NXB0,MKS1,H66N,1.098
Q9NXB0,MKS1,H66M,0.936
Q9NXB0,MKS1,H66L,0.944
Q9NXB0,MKS1,H66C,0.956
Q9NXB0,MKS1,H66D,1.002
Q9NXB0,MKS1,H66E,0.981
Q9NXB0,MKS1,H66A,0.89
Q9NXB0,MKS1,H66G,0.894
Q9NXB0,MKS1,H66I,0.9
Q9NXB0,MKS1,H66K,0.975
Q9NXB0,MKS1,H66F,0.999
Q9NXB0,MKS1,R67M,1.016
Q9NXB0,MKS1,R67W,1.01
Q9NXB0,MKS1,R67V,0.92
Q9NXB0,MKS1,R67T,1.007
Q9NXB0,MKS1,R67S,1.004
Q9NXB0,MKS1,R67Q,1.1
Q9NXB0,MKS1,R67P,0.94
Q9NXB0,MKS1,R67N,1.03
Q9NXB0,MKS1,R67L,0.976
Q9NXB0,MKS1,R67Y,0.954
Q9NXB0,MKS1,R67I,0.938
Q9NXB0,MKS1,R67A,0.933
Q9NXB0,MKS1,R67C,1.015
Q9NXB0,MKS1,R67D,0.874
Q9NXB0,MKS1,R67K,1.128
Q9NXB0,MKS1,R67F,0.843
Q9NXB0,MKS1,R67G,0.986
Q9NXB0,MKS1,R67H,1.091
Q9NXB0,MKS1,R67E,0.978
Q9NXB0,MKS1,P68M,0.964
Q9NXB0,MKS1,P68W,0.798
Q9NXB0,MKS1,P68V,0.952
Q9NXB0,MKS1,P68T,1.016
Q9NXB0,MKS1,P68S,1.026
Q9NXB0,MKS1,P68R,0.956
Q9NXB0,MKS1,P68Q,1.024
Q9NXB0,MKS1,P68N,0.922
Q9NXB0,MKS1,P68L,0.986
Q9NXB0,MKS1,P68Y,0.922
Q9NXB0,MKS1,P68I,0.922
Q9NXB0,MKS1,P68A,1.038
Q9NXB0,MKS1,P68C,0.918
Q9NXB0,MKS1,P68D,0.911
Q9NXB0,MKS1,P68K,0.939
Q9NXB0,MKS1,P68F,0.903
Q9NXB0,MKS1,P68G,0.901
Q9NXB0,MKS1,P68H,0.98
Q9NXB0,MKS1,P68E,0.95
Q9NXB0,MKS1,E69N,1.044
Q9NXB0,MKS1,E69W,0.926
Q9NXB0,MKS1,E69V,1.036
Q9NXB0,MKS1,E69T,1.018
Q9NXB0,MKS1,E69S,1.017
Q9NXB0,MKS1,E69R,1.043
Q9NXB0,MKS1,E69Q,1.18
Q9NXB0,MKS1,E69P,0.985
Q9NXB0,MKS1,E69Y,0.984
Q9NXB0,MKS1,E69M,1.011
Q9NXB0,MKS1,E69K,1.12
Q9NXB0,MKS1,E69I,0.995
Q9NXB0,MKS1,E69H,1.041
Q9NXB0,MKS1,E69G,1.032
Q9NXB0,MKS1,E69F,0.93
Q9NXB0,MKS1,E69D,1.188
Q9NXB0,MKS1,E69C,0.92
Q9NXB0,MKS1,E69A,1.062
Q9NXB0,MKS1,E69L,0.964
Q9NXB0,MKS1,E70P,0.942
Q9NXB0,MKS1,E70Q,1.126
Q9NXB0,MKS1,E70S,0.974
Q9NXB0,MKS1,E70N,1.0
Q9NXB0,MKS1,E70V,0.991
Q9NXB0,MKS1,E70W,0.883
Q9NXB0,MKS1,E70Y,0.939
Q9NXB0,MKS1,E70T,0.972
Q9NXB0,MKS1,E70M,0.967
Q9NXB0,MKS1,E70R,0.998
Q9NXB0,MKS1,E70K,1.07
Q9NXB0,MKS1,E70A,1.018
Q9NXB0,MKS1,E70C,0.876
Q9NXB0,MKS1,E70D,1.134
Q9NXB0,MKS1,E70F,0.886
Q9NXB0,MKS1,E70L,0.92
Q9NXB0,MKS1,E70H,0.996
Q9NXB0,MKS1,E70I,0.951
Q9NXB0,MKS1,E70G,0.988
Q9NXB0,MKS1,D71Q,0.932
Q9NXB0,MKS1,D71Y,0.918
Q9NXB0,MKS1,D71W,0.778
Q9NXB0,MKS1,D71V,0.874
Q9NXB0,MKS1,D71T,0.901
Q9NXB0,MKS1,D71S,0.937
Q9NXB0,MKS1,D71R,0.846
Q9NXB0,MKS1,D71P,0.84
Q9NXB0,MKS1,D71N,1.028
Q9NXB0,MKS1,D71M,0.842
Q9NXB0,MKS1,D71L,0.805
Q9NXB0,MKS1,D71K,0.898
Q9NXB0,MKS1,D71I,0.855
Q9NXB0,MKS1,D71H,0.948
Q9NXB0,MKS1,D71G,0.946
Q9NXB0,MKS1,D71F,0.863
Q9NXB0,MKS1,D71E,1.057
Q9NXB0,MKS1,D71C,0.855
Q9NXB0,MKS1,D71A,0.914
Q9NXB0,MKS1,E72R,0.884
Q9NXB0,MKS1,E72S,0.869
Q9NXB0,MKS1,E72T,0.846
Q9NXB0,MKS1,E72Q,1.037
Q9NXB0,MKS1,E72W,0.756
Q9NXB0,MKS1,E72Y,0.812
Q9NXB0,MKS1,E72P,0.825
Q9NXB0,MKS1,E72V,0.864
Q9NXB0,MKS1,E72N,0.886
Q9NXB0,MKS1,E72D,1.044
Q9NXB0,MKS1,E72L,0.792
Q9NXB0,MKS1,E72A,0.899
Q9NXB0,MKS1,E72M,0.84
Q9NXB0,MKS1,E72F,0.76
Q9NXB0,MKS1,E72G,0.861
Q9NXB0,MKS1,E72C,0.75
Q9NXB0,MKS1,E72I,0.824
Q9NXB0,MKS1,E72K,0.976
Q9NXB0,MKS1,E72H,0.882
Q9NXB0,MKS1,E73P,0.975
Q9NXB0,MKS1,E73Y,0.931
Q9NXB0,MKS1,E73W,0.881
Q9NXB0,MKS1,E73V,1.002
Q9NXB0,MKS1,E73T,0.993
Q9NXB0,MKS1,E73S,1.008
Q9NXB0,MKS1,E73R,1.006
Q9NXB0,MKS1,E73Q,1.128
Q9NXB0,MKS1,E73N,1.022
Q9NXB0,MKS1,E73D,1.144
Q9NXB0,MKS1,E73L,0.937
Q9NXB0,MKS1,E73K,1.084
Q9NXB0,MKS1,E73I,0.949
Q9NXB0,MKS1,E73H,1.018
Q9NXB0,MKS1,E73G,0.989
Q9NXB0,MKS1,E73F,0.906
Q9NXB0,MKS1,E73C,0.868
Q9NXB0,MKS1,E73A,1.025
Q9NXB0,MKS1,E73M,0.97
Q9NXB0,MKS1,E74P,0.646
Q9NXB0,MKS1,E74Q,0.96
Q9NXB0,MKS1,E74R,0.825
Q9NXB0,MKS1,E74N,0.786
Q9NXB0,MKS1,E74T,0.771
Q9NXB0,MKS1,E74V,0.834
Q9NXB0,MKS1,E74W,0.726
Q9NXB0,MKS1,E74S,0.783
Q9NXB0,MKS1,E74M,0.856
Q9NXB0,MKS1,E74Y,0.812
Q9NXB0,MKS1,E74K,0.856
Q9NXB0,MKS1,E74I,0.782
Q9NXB0,MKS1,E74H,0.82
Q9NXB0,MKS1,E74G,0.78
Q9NXB0,MKS1,E74F,0.736
Q9NXB0,MKS1,E74D,0.933
Q9NXB0,MKS1,E74C,0.748
Q9NXB0,MKS1,E74A,0.849
Q9NXB0,MKS1,E74L,0.772
Q9NXB0,MKS1,E75Q,1.096
Q9NXB0,MKS1,E75R,0.972
Q9NXB0,MKS1,E75S,0.971
Q9NXB0,MKS1,E75Y,0.901
Q9NXB0,MKS1,E75P,0.938
Q9NXB0,MKS1,E75V,0.964
Q9NXB0,MKS1,E75W,0.853
Q9NXB0,MKS1,E75T,0.956
Q9NXB0,MKS1,E75N,0.987
Q9NXB0,MKS1,E75D,1.114
Q9NXB0,MKS1,E75L,0.902
Q9NXB0,MKS1,E75A,0.987
Q9NXB0,MKS1,E75C,0.829
Q9NXB0,MKS1,E75F,0.872
Q9NXB0,MKS1,E75M,0.934
Q9NXB0,MKS1,E75H,0.986
Q9NXB0,MKS1,E75I,0.916
Q9NXB0,MKS1,E75K,1.045
Q9NXB0,MKS1,E75G,0.95
Q9NXB0,MKS1,I76P,0.855
Q9NXB0,MKS1,I76Y,0.981
Q9NXB0,MKS1,I76W,0.883
Q9NXB0,MKS1,I76V,1.21
Q9NXB0,MKS1,I76T,1.02
Q9NXB0,MKS1,I76S,0.912
Q9NXB0,MKS1,I76R,0.874
Q9NXB0,MKS1,I76Q,0.85
Q9NXB0,MKS1,I76N,0.898
Q9NXB0,MKS1,I76M,1.12
Q9NXB0,MKS1,I76L,1.154
Q9NXB0,MKS1,I76C,0.97
Q9NXB0,MKS1,I76D,0.826
Q9NXB0,MKS1,I76E,0.844
Q9NXB0,MKS1,I76A,0.964
Q9NXB0,MKS1,I76G,0.816
Q9NXB0,MKS1,I76H,0.862
Q9NXB0,MKS1,I76K,0.862
Q9NXB0,MKS1,I76F,1.064
Q9NXB0,MKS1,V77N,0.872
Q9NXB0,MKS1,V77W,0.845
Q9NXB0,MKS1,V77T,1.01
Q9NXB0,MKS1,V77S,0.904
Q9NXB0,MKS1,V77R,0.868
Q9NXB0,MKS1,V77Q,0.895
Q9NXB0,MKS1,V77P,0.908
Q9NXB0,MKS1,V77Y,0.923
Q9NXB0,MKS1,V77M,1.048
Q9NXB0,MKS1,V77H,0.854
Q9NXB0,MKS1,V77K,0.897
Q9NXB0,MKS1,V77I,1.12
Q9NXB0,MKS1,V77G,0.902
Q9NXB0,MKS1,V77F,0.966
Q9NXB0,MKS1,V77E,0.941
Q9NXB0,MKS1,V77D,0.887
Q9NXB0,MKS1,V77C,0.906
Q9NXB0,MKS1,V77A,0.995
Q9NXB0,MKS1,V77L,1.038
Q9NXB0,MKS1,I78Q,0.696
Q9NXB0,MKS1,I78R,0.718
Q9NXB0,MKS1,I78S,0.76
Q9NXB0,MKS1,I78Y,0.834
Q9NXB0,MKS1,I78V,1.057
Q9NXB0,MKS1,I78W,0.738
Q9NXB0,MKS1,I78P,0.706
Q9NXB0,MKS1,I78T,0.85
Q9NXB0,MKS1,I78N,0.74
Q9NXB0,MKS1,I78H,0.711
Q9NXB0,MKS1,I78L,1.022
Q9NXB0,MKS1,I78K,0.705
Q9NXB0,MKS1,I78G,0.668
Q9NXB0,MKS1,I78F,0.928
Q9NXB0,MKS1,I78E,0.688
Q9NXB0,MKS1,I78D,0.668
Q9NXB0,MKS1,I78C,0.832
Q9NXB0,MKS1,I78A,0.819
Q9NXB0,MKS1,I78M,0.972
Q9NXB0,MKS1,G79S,0.922
Q9NXB0,MKS1,G79R,0.829
Q9NXB0,MKS1,G79T,0.81
Q9NXB0,MKS1,G79Q,0.797
Q9NXB0,MKS1,G79W,0.802
Q9NXB0,MKS1,G79Y,0.75
Q9NXB0,MKS1,G79P,0.778
Q9NXB0,MKS1,G79V,0.81
Q9NXB0,MKS1,G79N,0.9
Q9NXB0,MKS1,G79D,0.87
Q9NXB0,MKS1,G79L,0.71
Q9NXB0,MKS1,G79A,0.904
Q9NXB0,MKS1,G79C,0.8
Q9NXB0,MKS1,G79E,0.83
Q9NXB0,MKS1,G79M,0.72
Q9NXB0,MKS1,G79H,0.796
Q9NXB0,MKS1,G79I,0.727
Q9NXB0,MKS1,G79K,0.795
Q9NXB0,MKS1,G79F,0.778
Q9NXB0,MKS1,W80Y,0.876
Q9NXB0,MKS1,W80V,0.688
Q9NXB0,MKS1,W80T,0.698
Q9NXB0,MKS1,W80S,0.66
Q9NXB0,MKS1,W80R,0.702
Q9NXB0,MKS1,W80Q,0.749
Q9NXB0,MKS1,W80P,0.621
Q9NXB0,MKS1,W80M,0.819
Q9NXB0,MKS1,W80L,0.789
Q9NXB0,MKS1,W80N,0.574
Q9NXB0,MKS1,W80I,0.673
Q9NXB0,MKS1,W80H,0.654
Q9NXB0,MKS1,W80G,0.698
Q9NXB0,MKS1,W80F,0.89
Q9NXB0,MKS1,W80E,0.66
Q9NXB0,MKS1,W80D,0.508
Q9NXB0,MKS1,W80C,0.732
Q9NXB0,MKS1,W80A,0.641
Q9NXB0,MKS1,W80K,0.658
Q9NXB0,MKS1,Q81P,0.772
Q9NXB0,MKS1,Q81R,0.851
Q9NXB0,MKS1,Q81S,0.772
Q9NXB0,MKS1,Q81Y,0.746
Q9NXB0,MKS1,Q81V,0.744
Q9NXB0,MKS1,Q81W,0.658
Q9NXB0,MKS1,Q81T,0.765
Q9NXB0,MKS1,Q81M,0.83
Q9NXB0,MKS1,Q81N,0.786
Q9NXB0,MKS1,Q81L,0.786
Q9NXB0,MKS1,Q81A,0.76
Q9NXB0,MKS1,Q81C,0.69
Q9NXB0,MKS1,Q81D,0.755
Q9NXB0,MKS1,Q81E,0.865
Q9NXB0,MKS1,Q81K,0.833
Q9NXB0,MKS1,Q81G,0.702
Q9NXB0,MKS1,Q81H,0.83
Q9NXB0,MKS1,Q81I,0.713
Q9NXB0,MKS1,Q81F,0.702
Q9NXB0,MKS1,E82N,0.867
Q9NXB0,MKS1,E82W,0.756
Q9NXB0,MKS1,E82V,0.88
Q9NXB0,MKS1,E82T,0.846
Q9NXB0,MKS1,E82S,0.857
Q9NXB0,MKS1,E82R,0.853
Q9NXB0,MKS1,E82Q,0.98
Q9NXB0,MKS1,E82P,0.826
Q9NXB0,MKS1,E82Y,0.799
Q9NXB0,MKS1,E82L,0.826
Q9NXB0,MKS1,E82K,0.922
Q9NXB0,MKS1,E82I,0.832
Q9NXB0,MKS1,E82H,0.871
Q9NXB0,MKS1,E82G,0.842
Q9NXB0,MKS1,E82F,0.79
Q9NXB0,MKS1,E82D,0.989
Q9NXB0,MKS1,E82C,0.736
Q9NXB0,MKS1,E82A,0.887
Q9NXB0,MKS1,E82M,0.844
Q9NXB0,MKS1,K83P,0.468
Q9NXB0,MKS1,K83Q,0.736
Q9NXB0,MKS1,K83R,0.807
Q9NXB0,MKS1,K83Y,0.621
Q9NXB0,MKS1,K83T,0.656
Q9NXB0,MKS1,K83V,0.669
Q9NXB0,MKS1,K83W,0.677
Q9NXB0,MKS1,K83S,0.595
Q9NXB0,MKS1,K83N,0.668
Q9NXB0,MKS1,K83M,0.719
Q9NXB0,MKS1,K83I,0.654
Q9NXB0,MKS1,K83A,0.619
Q9NXB0,MKS1,K83C,0.661
Q9NXB0,MKS1,K83D,0.518
Q9NXB0,MKS1,K83L,0.693
Q9NXB0,MKS1,K83F,0.597
Q9NXB0,MKS1,K83G,0.492
Q9NXB0,MKS1,K83H,0.647
Q9NXB0,MKS1,K83E,0.656
Q9NXB0,MKS1,L84Y,0.602
Q9NXB0,MKS1,L84W,0.604
Q9NXB0,MKS1,L84V,0.764
Q9NXB0,MKS1,L84T,0.592
Q9NXB0,MKS1,L84S,0.536
Q9NXB0,MKS1,L84R,0.532
Q9NXB0,MKS1,L84Q,0.543
Q9NXB0,MKS1,L84N,0.486
Q9NXB0,MKS1,L84P,0.498
Q9NXB0,MKS1,L84M,0.81
Q9NXB0,MKS1,L84I,0.802
Q9NXB0,MKS1,L84H,0.503
Q9NXB0,MKS1,L84G,0.434
Q9NXB0,MKS1,L84F,0.734
Q9NXB0,MKS1,L84E,0.43
Q9NXB0,MKS1,L84D,0.381
Q9NXB0,MKS1,L84C,0.649
Q9NXB0,MKS1,L84A,0.601
Q9NXB0,MKS1,L84K,0.51
Q9NXB0,MKS1,F85P,0.398
Q9NXB0,MKS1,F85Q,0.47
Q9NXB0,MKS1,F85R,0.492
Q9NXB0,MKS1,F85N,0.515
Q9NXB0,MKS1,F85T,0.574
Q9NXB0,MKS1,F85V,0.718
Q9NXB0,MKS1,F85W,0.75
Q9NXB0,MKS1,F85S,0.604
Q9NXB0,MKS1,F85Y,0.847
Q9NXB0,MKS1,F85M,0.738
Q9NXB0,MKS1,F85K,0.46
Q9NXB0,MKS1,F85A,0.578
Q9NXB0,MKS1,F85C,0.688
Q9NXB0,MKS1,F85D,0.436
Q9NXB0,MKS1,F85L,0.794
Q9NXB0,MKS1,F85G,0.49
Q9NXB0,MKS1,F85H,0.652
Q9NXB0,MKS1,F85I,0.758
Q9NXB0,MKS1,F85E,0.388
Q9NXB0,MKS1,S86M,0.694
Q9NXB0,MKS1,S86W,0.568
Q9NXB0,MKS1,S86V,0.62
Q9NXB0,MKS1,S86T,0.749
Q9NXB0,MKS1,S86R,0.588
Q9NXB0,MKS1,S86Q,0.599
Q9NXB0,MKS1,S86P,0.585
Q9NXB0,MKS1,S86N,0.691
Q9NXB0,MKS1,S86Y,0.62
Q9NXB0,MKS1,S86L,0.65
Q9NXB0,MKS1,S86I,0.636
Q9NXB0,MKS1,S86H,0.624
Q9NXB0,MKS1,S86G,0.686
Q9NXB0,MKS1,S86F,0.62
Q9NXB0,MKS1,S86E,0.543
Q9NXB0,MKS1,S86D,0.581
Q9NXB0,MKS1,S86C,0.745
Q9NXB0,MKS1,S86A,0.772
Q9NXB0,MKS1,S86K,0.558
Q9NXB0,MKS1,Q87N,0.812
Q9NXB0,MKS1,Q87P,0.8
Q9NXB0,MKS1,Q87R,0.874
Q9NXB0,MKS1,Q87M,0.86
Q9NXB0,MKS1,Q87T,0.793
Q9NXB0,MKS1,Q87V,0.778
Q9NXB0,MKS1,Q87W,0.734
Q9NXB0,MKS1,Q87S,0.8
Q9NXB0,MKS1,Q87L,0.828
Q9NXB0,MKS1,Q87Y,0.786
Q9NXB0,MKS1,Q87I,0.766
Q9NXB0,MKS1,Q87H,0.855
Q9NXB0,MKS1,Q87G,0.731
Q9NXB0,MKS1,Q87F,0.756
Q9NXB0,MKS1,Q87E,0.896
Q9NXB0,MKS1,Q87D,0.784
Q9NXB0,MKS1,Q87C,0.73
Q9NXB0,MKS1,Q87A,0.792
Q9NXB0,MKS1,Q87K,0.857
Q9NXB0,MKS1,F88Q,0.746
Q9NXB0,MKS1,F88R,0.726
Q9NXB0,MKS1,F88S,0.79
Q9NXB0,MKS1,F88Y,0.979
Q9NXB0,MKS1,F88P,0.693
Q9NXB0,MKS1,F88V,0.834
Q9NXB0,MKS1,F88W,0.836
Q9NXB0,MKS1,F88T,0.783
Q9NXB0,MKS1,F88N,0.712
Q9NXB0,MKS1,F88D,0.744
Q9NXB0,MKS1,F88L,0.894
Q9NXB0,MKS1,F88A,0.781
Q9NXB0,MKS1,F88C,0.796
Q9NXB0,MKS1,F88E,0.69
Q9NXB0,MKS1,F88M,0.839
Q9NXB0,MKS1,F88H,0.803
Q9NXB0,MKS1,F88I,0.868
Q9NXB0,MKS1,F88K,0.709
Q9NXB0,MKS1,F88G,0.699
Q9NXB0,MKS1,E89P,0.489
Q9NXB0,MKS1,E89Y,0.626
Q9NXB0,MKS1,E89W,0.551
Q9NXB0,MKS1,E89V,0.654
Q9NXB0,MKS1,E89T,0.584
Q9NXB0,MKS1,E89S,0.598
Q9NXB0,MKS1,E89R,0.634
Q9NXB0,MKS1,E89Q,0.771
Q9NXB0,MKS1,E89N,0.601
Q9NXB0,MKS1,E89M,0.673
Q9NXB0,MKS1,E89L,0.62
Q9NXB0,MKS1,E89C,0.566
Q9NXB0,MKS1,E89D,0.749
Q9NXB0,MKS1,E89F,0.586
Q9NXB0,MKS1,E89A,0.662
Q9NXB0,MKS1,E89H,0.636
Q9NXB0,MKS1,E89I,0.619
Q9NXB0,MKS1,E89K,0.668
Q9NXB0,MKS1,E89G,0.596
Q9NXB0,MKS1,V90N,0.542
Q9NXB0,MKS1,V90Y,0.636
Q9NXB0,MKS1,V90W,0.56
Q9NXB0,MKS1,V90T,0.706
Q9NXB0,MKS1,V90S,0.581
Q9NXB0,MKS1,V90R,0.512
Q9NXB0,MKS1,V90Q,0.583
Q9NXB0,MKS1,V90P,0.548
Q9NXB0,MKS1,V90M,0.819
Q9NXB0,MKS1,V90L,0.814
Q9NXB0,MKS1,V90K,0.542
Q9NXB0,MKS1,V90C,0.713
Q9NXB0,MKS1,V90D,0.526
Q9NXB0,MKS1,V90E,0.585
Q9NXB0,MKS1,V90A,0.749
Q9NXB0,MKS1,V90G,0.572
Q9NXB0,MKS1,V90H,0.532
Q9NXB0,MKS1,V90I,0.896
Q9NXB0,MKS1,V90F,0.718
Q9NXB0,MKS1,D91P,0.729
Q9NXB0,MKS1,D91Y,0.747
Q9NXB0,MKS1,D91W,0.632
Q9NXB0,MKS1,D91V,0.726
Q9NXB0,MKS1,D91T,0.776
Q9NXB0,MKS1,D91S,0.818
Q9NXB0,MKS1,D91R,0.698
Q9NXB0,MKS1,D91Q,0.796
Q9NXB0,MKS1,D91N,0.892
Q9NXB0,MKS1,D91M,0.71
Q9NXB0,MKS1,D91L,0.675
Q9NXB0,MKS1,D91C,0.688
Q9NXB0,MKS1,D91E,0.924
Q9NXB0,MKS1,D91F,0.724
Q9NXB0,MKS1,D91A,0.77
Q9NXB0,MKS1,D91H,0.78
Q9NXB0,MKS1,D91I,0.71
Q9NXB0,MKS1,D91K,0.764
Q9NXB0,MKS1,D91G,0.821
Q9NXB0,MKS1,L92P,0.722
Q9NXB0,MKS1,L92Y,0.727
Q9NXB0,MKS1,L92W,0.694
Q9NXB0,MKS1,L92V,0.843
Q9NXB0,MKS1,L92T,0.739
Q9NXB0,MKS1,L92S,0.719
Q9NXB0,MKS1,L92R,0.707
Q9NXB0,MKS1,L92Q,0.734
Q9NXB0,MKS1,L92N,0.644
Q9NXB0,MKS1,L92M,0.892
Q9NXB0,MKS1,L92K,0.678
Q9NXB0,MKS1,L92C,0.7
Q9NXB0,MKS1,L92D,0.605
Q9NXB0,MKS1,L92E,0.651
Q9NXB0,MKS1,L92A,0.734
Q9NXB0,MKS1,L92G,0.597
Q9NXB0,MKS1,L92H,0.701
Q9NXB0,MKS1,L92I,0.869
Q9NXB0,MKS1,L92F,0.808
Q9NXB0,MKS1,Y93N,0.623
Q9NXB0,MKS1,Y93W,0.794
Q9NXB0,MKS1,Y93V,0.684
Q9NXB0,MKS1,Y93T,0.59
Q9NXB0,MKS1,Y93S,0.599
Q9NXB0,MKS1,Y93R,0.626
Q9NXB0,MKS1,Y93Q,0.65
Q9NXB0,MKS1,Y93P,0.466
Q9NXB0,MKS1,Y93M,0.682
Q9NXB0,MKS1,Y93L,0.722
Q9NXB0,MKS1,Y93K,0.566
Q9NXB0,MKS1,Y93C,0.708
Q9NXB0,MKS1,Y93D,0.504
Q9NXB0,MKS1,Y93E,0.534
Q9NXB0,MKS1,Y93A,0.593
Q9NXB0,MKS1,Y93G,0.568
Q9NXB0,MKS1,Y93H,0.808
Q9NXB0,MKS1,Y93I,0.683
Q9NXB0,MKS1,Y93F,0.901
Q9NXB0,MKS1,Q94N,0.893
Q9NXB0,MKS1,Q94Y,0.846
Q9NXB0,MKS1,Q94W,0.792
Q9NXB0,MKS1,Q94V,0.842
Q9NXB0,MKS1,Q94T,0.871
Q9NXB0,MKS1,Q94S,0.88
Q9NXB0,MKS1,Q94R,0.962
Q9NXB0,MKS1,Q94P,0.878
Q9NXB0,MKS1,Q94M,0.926
Q9NXB0,MKS1,Q94L,0.879
Q9NXB0,MKS1,Q94K,0.948
Q9NXB0,MKS1,Q94C,0.791
Q9NXB0,MKS1,Q94D,0.861
Q9NXB0,MKS1,Q94E,0.97
Q9NXB0,MKS1,Q94A,0.865
Q9NXB0,MKS1,Q94G,0.808
Q9NXB0,MKS1,Q94H,0.934
Q9NXB0,MKS1,Q94I,0.817
Q9NXB0,MKS1,Q94F,0.806
Q9NXB0,MKS1,N95P,0.75
Q9NXB0,MKS1,N95Y,0.802
Q9NXB0,MKS1,N95W,0.685
Q9NXB0,MKS1,N95V,0.756
Q9NXB0,MKS1,N95T,0.901
Q9NXB0,MKS1,N95S,0.948
Q9NXB0,MKS1,N95R,0.843
Q9NXB0,MKS1,N95Q,0.86
Q9NXB0,MKS1,N95M,0.794
Q9NXB0,MKS1,N95L,0.738
Q9NXB0,MKS1,N95K,0.874
Q9NXB0,MKS1,N95C,0.764
Q9NXB0,MKS1,N95D,0.924
Q9NXB0,MKS1,N95E,0.83
Q9NXB0,MKS1,N95A,0.802
Q9NXB0,MKS1,N95G,0.875
Q9NXB0,MKS1,N95H,0.928
Q9NXB0,MKS1,N95I,0.777
Q9NXB0,MKS1,N95F,0.764
Q9NXB0,MKS1,E96N,0.889
Q9NXB0,MKS1,E96W,0.75
Q9NXB0,MKS1,E96V,0.872
Q9NXB0,MKS1,E96T,0.859
Q9NXB0,MKS1,E96S,0.875
Q9NXB0,MKS1,E96R,0.873
Q9NXB0,MKS1,E96Q,1.0
Q9NXB0,MKS1,E96P,0.841
Q9NXB0,MKS1,E96M,0.838
Q9NXB0,MKS1,E96Y,0.802
Q9NXB0,MKS1,E96K,0.947
Q9NXB0,MKS1,E96A,0.894
Q9NXB0,MKS1,E96C,0.739
Q9NXB0,MKS1,E96D,1.014
Q9NXB0,MKS1,E96L,0.808
Q9NXB0,MKS1,E96G,0.856
Q9NXB0,MKS1,E96H,0.888
Q9NXB0,MKS1,E96I,0.822
Q9NXB0,MKS1,E96F,0.772
Q9NXB0,MKS1,T97N,1.03
Q9NXB0,MKS1,T97Y,0.887
Q9NXB0,MKS1,T97W,0.83
Q9NXB0,MKS1,T97V,1.008
Q9NXB0,MKS1,T97S,1.06
Q9NXB0,MKS1,T97R,0.967
Q9NXB0,MKS1,T97Q,0.952
Q9NXB0,MKS1,T97P,0.98
Q9NXB0,MKS1,T97M,1.022
Q9NXB0,MKS1,T97L,0.934
Q9NXB0,MKS1,T97K,0.972
Q9NXB0,MKS1,T97C,0.923
Q9NXB0,MKS1,T97D,0.918
Q9NXB0,MKS1,T97E,0.94
Q9NXB0,MKS1,T97A,1.043
Q9NXB0,MKS1,T97G,0.909
Q9NXB0,MKS1,T97H,0.92
Q9NXB0,MKS1,T97I,1.001
Q9NXB0,MKS1,T97F,0.88
Q9NXB0,MKS1,A98P,0.933
Q9NXB0,MKS1,A98Y,0.878
Q9NXB0,MKS1,A98W,0.81
Q9NXB0,MKS1,A98V,0.995
Q9NXB0,MKS1,A98T,0.988
Q9NXB0,MKS1,A98S,0.997
Q9NXB0,MKS1,A98R,0.856
Q9NXB0,MKS1,A98Q,0.894
Q9NXB0,MKS1,A98N,0.882
Q9NXB0,MKS1,A98M,0.944
Q9NXB0,MKS1,A98L,0.925
Q9NXB0,MKS1,A98D,0.88
Q9NXB0,MKS1,A98E,0.916
Q9NXB0,MKS1,A98F,0.888
Q9NXB0,MKS1,A98C,0.944
Q9NXB0,MKS1,A98H,0.85
Q9NXB0,MKS1,A98I,0.935
Q9NXB0,MKS1,A98K,0.875
Q9NXB0,MKS1,A98G,0.952
Q9NXB0,MKS1,C99P,0.44
Q9NXB0,MKS1,C99Y,0.621
Q9NXB0,MKS1,C99W,0.606
Q9NXB0,MKS1,C99V,0.68
Q9NXB0,MKS1,C99T,0.633
Q9NXB0,MKS1,C99S,0.666
Q9NXB0,MKS1,C99R,0.554
Q9NXB0,MKS1,C99Q,0.528
Q9NXB0,MKS1,C99N,0.538
Q9NXB0,MKS1,C99M,0.691
Q9NXB0,MKS1,C99L,0.684
Q9NXB0,MKS1,C99D,0.506
Q9NXB0,MKS1,C99E,0.411
Q9NXB0,MKS1,C99F,0.654
Q9NXB0,MKS1,C99A,0.712
Q9NXB0,MKS1,C99H,0.564
Q9NXB0,MKS1,C99I,0.669
Q9NXB0,MKS1,C99K,0.471
Q9NXB0,MKS1,C99G,0.562
Q9NXB0,MKS1,Q100M,0.931
Q9NXB0,MKS1,Q100W,0.788
Q9NXB0,MKS1,Q100V,0.844
Q9NXB0,MKS1,Q100T,0.896
Q9NXB0,MKS1,Q100S,0.91
Q9NXB0,MKS1,Q100R,0.992
Q9NXB0,MKS1,Q100P,0.909
Q9NXB0,MKS1,Q100N,0.927
Q9NXB0,MKS1,Q100L,0.868
Q9NXB0,MKS1,Q100Y,0.86
Q9NXB0,MKS1,Q100I,0.806
Q9NXB0,MKS1,Q100A,0.887
Q9NXB0,MKS1,Q100C,0.796
Q9NXB0,MKS1,Q100D,0.903
Q9NXB0,MKS1,Q100K,0.982
Q9NXB0,MKS1,Q100F,0.787
Q9NXB0,MKS1,Q100G,0.833
Q9NXB0,MKS1,Q100H,0.96
Q9NXB0,MKS1,Q100E,1.014
Q9NXB0,MKS1,S101N,0.826
Q9NXB0,MKS1,S101Y,0.746
Q9NXB0,MKS1,S101W,0.694
Q9NXB0,MKS1,S101V,0.738
Q9NXB0,MKS1,S101T,0.88
Q9NXB0,MKS1,S101R,0.718
Q9NXB0,MKS1,S101Q,0.734
Q9NXB0,MKS1,S101P,0.726
Q9NXB0,MKS1,S101M,0.809
Q9NXB0,MKS1,S101L,0.764
Q9NXB0,MKS1,S101K,0.685
Q9NXB0,MKS1,S101C,0.867
Q9NXB0,MKS1,S101D,0.724
Q9NXB0,MKS1,S101E,0.686
Q9NXB0,MKS1,S101A,0.9
Q9NXB0,MKS1,S101G,0.82
Q9NXB0,MKS1,S101H,0.752
Q9NXB0,MKS1,S101I,0.754
Q9NXB0,MKS1,S101F,0.752
Q9NXB0,MKS1,P102M,0.774
Q9NXB0,MKS1,P102W,0.64
Q9NXB0,MKS1,P102V,0.776
Q9NXB0,MKS1,P102T,0.842
Q9NXB0,MKS1,P102S,0.851
Q9NXB0,MKS1,P102R,0.777
Q9NXB0,MKS1,P102Q,0.847
Q9NXB0,MKS1,P102N,0.76
Q9NXB0,MKS1,P102L,0.786
Q9NXB0,MKS1,P102Y,0.718
Q9NXB0,MKS1,P102I,0.732
Q9NXB0,MKS1,P102A,0.855
Q9NXB0,MKS1,P102C,0.69
Q9NXB0,MKS1,P102D,0.767
Q9NXB0,MKS1,P102K,0.789
Q9NXB0,MKS1,P102F,0.682
Q9NXB0,MKS1,P102G,0.75
Q9NXB0,MKS1,P102H,0.788
Q9NXB0,MKS1,P102E,0.795
Q9NXB0,MKS1,L103N,0.461
Q9NXB0,MKS1,L103W,0.562
Q9NXB0,MKS1,L103V,0.725
Q9NXB0,MKS1,L103T,0.562
Q9NXB0,MKS1,L103S,0.508
Q9NXB0,MKS1,L103R,0.504
Q9NXB0,MKS1,L103Q,0.51
Q9NXB0,MKS1,L103P,0.45
Q9NXB0,MKS1,L103M,0.772
Q9NXB0,MKS1,L103Y,0.568
Q9NXB0,MKS1,L103I,0.764
Q9NXB0,MKS1,L103A,0.568
Q9NXB0,MKS1,L103C,0.614
Q9NXB0,MKS1,L103D,0.356
Q9NXB0,MKS1,L103K,0.482
Q9NXB0,MKS1,L103F,0.698
Q9NXB0,MKS1,L103G,0.408
Q9NXB0,MKS1,L103H,0.47
Q9NXB0,MKS1,L103E,0.403
Q9NXB0,MKS1,D104N,0.741
Q9NXB0,MKS1,D104W,0.498
Q9NXB0,MKS1,D104V,0.626
Q9NXB0,MKS1,D104T,0.609
Q9NXB0,MKS1,D104S,0.635
Q9NXB0,MKS1,D104R,0.512
Q9NXB0,MKS1,D104Q,0.65
Q9NXB0,MKS1,D104P,0.448
Q9NXB0,MKS1,D104Y,0.599
Q9NXB0,MKS1,D104M,0.552
Q9NXB0,MKS1,D104K,0.546
Q9NXB0,MKS1,D104I,0.608
Q9NXB0,MKS1,D104H,0.685
Q9NXB0,MKS1,D104G,0.611
Q9NXB0,MKS1,D104F,0.608
Q9NXB0,MKS1,D104E,0.752
Q9NXB0,MKS1,D104C,0.646
Q9NXB0,MKS1,D104A,0.62
Q9NXB0,MKS1,D104L,0.556
Q9NXB0,MKS1,Y105N,0.852
Q9NXB0,MKS1,Y105P,0.792
Q9NXB0,MKS1,Y105Q,0.885
Q9NXB0,MKS1,Y105M,0.863
Q9NXB0,MKS1,Y105S,0.855
Q9NXB0,MKS1,Y105T,0.833
Q9NXB0,MKS1,Y105V,0.843
Q9NXB0,MKS1,Y105R,0.81
Q9NXB0,MKS1,Y105W,0.907
Q9NXB0,MKS1,Y105L,0.87
Q9NXB0,MKS1,Y105I,0.839
Q9NXB0,MKS1,Y105A,0.828
Q9NXB0,MKS1,Y105C,0.92
Q9NXB0,MKS1,Y105D,0.806
Q9NXB0,MKS1,Y105K,0.8
Q9NXB0,MKS1,Y105F,1.066
Q9NXB0,MKS1,Y105G,0.76
Q9NXB0,MKS1,Y105H,1.031
Q9NXB0,MKS1,Y105E,0.806
Q9NXB0,MKS1,Q106N,0.776
Q9NXB0,MKS1,Q106Y,0.714
Q9NXB0,MKS1,Q106W,0.622
Q9NXB0,MKS1,Q106V,0.716
Q9NXB0,MKS1,Q106T,0.753
Q9NXB0,MKS1,Q106S,0.764
Q9NXB0,MKS1,Q106R,0.836
Q9NXB0,MKS1,Q106P,0.766
Q9NXB0,MKS1,Q106M,0.798
Q9NXB0,MKS1,Q106L,0.74
Q9NXB0,MKS1,Q106K,0.829
Q9NXB0,MKS1,Q106C,0.663
Q9NXB0,MKS1,Q106D,0.75
Q9NXB0,MKS1,Q106E,0.861
Q9NXB0,MKS1,Q106A,0.75
Q9NXB0,MKS1,Q106G,0.694
Q9NXB0,MKS1,Q106H,0.81
Q9NXB0,MKS1,Q106I,0.672
Q9NXB0,MKS1,Q106F,0.653
Q9NXB0,MKS1,Y107N,0.488
Q9NXB0,MKS1,Y107W,0.688
Q9NXB0,MKS1,Y107V,0.59
Q9NXB0,MKS1,Y107T,0.476
Q9NXB0,MKS1,Y107S,0.474
Q9NXB0,MKS1,Y107R,0.47
Q9NXB0,MKS1,Y107Q,0.524
Q9NXB0,MKS1,Y107P,0.32
Q9NXB0,MKS1,Y107M,0.585
Q9NXB0,MKS1,Y107L,0.637
Q9NXB0,MKS1,Y107K,0.43
Q9NXB0,MKS1,Y107C,0.585
Q9NXB0,MKS1,Y107D,0.356
Q9NXB0,MKS1,Y107E,0.404
Q9NXB0,MKS1,Y107A,0.484
Q9NXB0,MKS1,Y107G,0.454
Q9NXB0,MKS1,Y107H,0.687
Q9NXB0,MKS1,Y107I,0.578
Q9NXB0,MKS1,Y107F,0.81
Q9NXB0,MKS1,R108N,0.826
Q9NXB0,MKS1,R108Y,0.767
Q9NXB0,MKS1,R108W,0.834
Q9NXB0,MKS1,R108V,0.784
Q9NXB0,MKS1,R108T,0.821
Q9NXB0,MKS1,R108S,0.807
Q9NXB0,MKS1,R108Q,0.915
Q9NXB0,MKS1,R108P,0.71
Q9NXB0,MKS1,R108M,0.896
Q9NXB0,MKS1,R108L,0.847
Q9NXB0,MKS1,R108K,0.948
Q9NXB0,MKS1,R108C,0.851
Q9NXB0,MKS1,R108D,0.688
Q9NXB0,MKS1,R108E,0.76
Q9NXB0,MKS1,R108A,0.808
Q9NXB0,MKS1,R108G,0.786
Q9NXB0,MKS1,R108H,0.922
Q9NXB0,MKS1,R108I,0.795
Q9NXB0,MKS1,R108F,0.734
Q9NXB0,MKS1,Q109N,0.971
Q9NXB0,MKS1,Q109Y,0.907
Q9NXB0,MKS1,Q109W,0.838
Q9NXB0,MKS1,Q109V,0.901
Q9NXB0,MKS1,Q109T,0.944
Q9NXB0,MKS1,Q109S,0.956
Q9NXB0,MKS1,Q109R,1.027
Q9NXB0,MKS1,Q109P,0.955
Q9NXB0,MKS1,Q109M,0.984
Q9NXB0,MKS1,Q109L,0.926
Q9NXB0,MKS1,Q109K,1.02
Q9NXB0,MKS1,Q109C,0.85
Q9NXB0,MKS1,Q109D,0.95
Q9NXB0,MKS1,Q109E,1.06
Q9NXB0,MKS1,Q109A,0.936
Q9NXB0,MKS1,Q109G,0.885
Q9NXB0,MKS1,Q109H,1.002
Q9NXB0,MKS1,Q109I,0.858
Q9NXB0,MKS1,Q109F,0.84
Q9NXB0,MKS1,E110P,0.76
Q9NXB0,MKS1,E110Y,0.709
Q9NXB0,MKS1,E110W,0.661
Q9NXB0,MKS1,E110V,0.791
Q9NXB0,MKS1,E110T,0.774
Q9NXB0,MKS1,E110S,0.79
Q9NXB0,MKS1,E110R,0.784
Q9NXB0,MKS1,E110Q,0.911
Q9NXB0,MKS1,E110N,0.8
Q9NXB0,MKS1,E110M,0.757
Q9NXB0,MKS1,E110L,0.726
Q9NXB0,MKS1,E110C,0.653
Q9NXB0,MKS1,E110D,0.921
Q9NXB0,MKS1,E110F,0.69
Q9NXB0,MKS1,E110A,0.812
Q9NXB0,MKS1,E110H,0.798
Q9NXB0,MKS1,E110I,0.735
Q9NXB0,MKS1,E110K,0.864
Q9NXB0,MKS1,E110G,0.774
Q9NXB0,MKS1,I111P,0.459
Q9NXB0,MKS1,I111Y,0.618
Q9NXB0,MKS1,I111W,0.587
Q9NXB0,MKS1,I111V,0.93
Q9NXB0,MKS1,I111T,0.713
Q9NXB0,MKS1,I111S,0.595
Q9NXB0,MKS1,I111R,0.566
Q9NXB0,MKS1,I111Q,0.535
Q9NXB0,MKS1,I111N,0.52
Q9NXB0,MKS1,I111M,0.852
Q9NXB0,MKS1,I111L,0.873
Q9NXB0,MKS1,I111C,0.744
Q9NXB0,MKS1,I111D,0.449
Q9NXB0,MKS1,I111E,0.444
Q9NXB0,MKS1,I111A,0.71
Q9NXB0,MKS1,I111G,0.468
Q9NXB0,MKS1,I111H,0.598
Q9NXB0,MKS1,I111K,0.579
Q9NXB0,MKS1,I111F,0.746
Q9NXB0,MKS1,L112P,0.907
Q9NXB0,MKS1,L112Y,0.911
Q9NXB0,MKS1,L112W,0.874
Q9NXB0,MKS1,L112V,1.02
Q9NXB0,MKS1,L112T,0.926
Q9NXB0,MKS1,L112S,0.906
Q9NXB0,MKS1,L112R,0.898
Q9NXB0,MKS1,L112Q,0.922
Q9NXB0,MKS1,L112N,0.832
Q9NXB0,MKS1,L112M,1.069
Q9NXB0,MKS1,L112K,0.867
Q9NXB0,MKS1,L112C,0.878
Q9NXB0,MKS1,L112D,0.798
Q9NXB0,MKS1,L112E,0.842
Q9NXB0,MKS1,L112A,0.914
Q9NXB0,MKS1,L112G,0.782
Q9NXB0,MKS1,L112H,0.887
Q9NXB0,MKS1,L112I,1.046
Q9NXB0,MKS1,L112F,0.985
Q9NXB0,MKS1,K113N,0.93
Q9NXB0,MKS1,K113W,0.752
Q9NXB0,MKS1,K113V,0.833
Q9NXB0,MKS1,K113T,0.891
Q9NXB0,MKS1,K113S,0.893
Q9NXB0,MKS1,K113R,1.0
Q9NXB0,MKS1,K113Q,0.956
Q9NXB0,MKS1,K113P,0.838
Q9NXB0,MKS1,K113M,0.902
Q9NXB0,MKS1,K113Y,0.78
Q9NXB0,MKS1,K113I,0.808
Q9NXB0,MKS1,K113A,0.859
Q9NXB0,MKS1,K113C,0.744
Q9NXB0,MKS1,K113D,0.834
Q9NXB0,MKS1,K113L,0.824
Q9NXB0,MKS1,K113F,0.756
Q9NXB0,MKS1,K113G,0.812
Q9NXB0,MKS1,K113H,0.86
Q9NXB0,MKS1,K113E,0.949
Q9NXB0,MKS1,L114P,0.56
Q9NXB0,MKS1,L114Y,0.701
Q9NXB0,MKS1,L114W,0.694
Q9NXB0,MKS1,L114V,0.862
Q9NXB0,MKS1,L114T,0.688
Q9NXB0,MKS1,L114S,0.633
Q9NXB0,MKS1,L114R,0.621
Q9NXB0,MKS1,L114Q,0.639
Q9NXB0,MKS1,L114N,0.583
Q9NXB0,MKS1,L114M,0.908
Q9NXB0,MKS1,L114K,0.598
Q9NXB0,MKS1,L114C,0.746
Q9NXB0,MKS1,L114D,0.476
Q9NXB0,MKS1,L114E,0.532
Q9NXB0,MKS1,L114A,0.699
Q9NXB0,MKS1,L114G,0.534
Q9NXB0,MKS1,L114H,0.586
Q9NXB0,MKS1,L114I,0.9
Q9NXB0,MKS1,L114F,0.834
Q9NXB0,MKS1,E115P,0.901
Q9NXB0,MKS1,E115Y,0.866
Q9NXB0,MKS1,E115W,0.817
Q9NXB0,MKS1,E115V,0.945
Q9NXB0,MKS1,E115T,0.92
Q9NXB0,MKS1,E115S,0.93
Q9NXB0,MKS1,E115R,0.93
Q9NXB0,MKS1,E115Q,1.054
Q9NXB0,MKS1,E115N,0.943
Q9NXB0,MKS1,E115M,0.912
Q9NXB0,MKS1,E115L,0.887
Q9NXB0,MKS1,E115C,0.804
Q9NXB0,MKS1,E115D,1.061
Q9NXB0,MKS1,E115F,0.848
Q9NXB0,MKS1,E115A,0.958
Q9NXB0,MKS1,E115H,0.944
Q9NXB0,MKS1,E115I,0.897
Q9NXB0,MKS1,E115K,1.005
Q9NXB0,MKS1,E115G,0.914
Q9NXB0,MKS1,N116P,0.948
Q9NXB0,MKS1,N116Y,0.998
Q9NXB0,MKS1,N116W,0.87
Q9NXB0,MKS1,N116V,0.941
Q9NXB0,MKS1,N116T,1.1
Q9NXB0,MKS1,N116S,1.15
Q9NXB0,MKS1,N116R,1.052
Q9NXB0,MKS1,N116Q,1.067
Q9NXB0,MKS1,N116M,0.977
Q9NXB0,MKS1,N116L,0.912
Q9NXB0,MKS1,N116K,1.087
Q9NXB0,MKS1,N116C,0.968
Q9NXB0,MKS1,N116D,1.132
Q9NXB0,MKS1,N116E,1.04
Q9NXB0,MKS1,N116A,0.997
Q9NXB0,MKS1,N116G,1.073
Q9NXB0,MKS1,N116H,1.13
Q9NXB0,MKS1,N116I,0.974
Q9NXB0,MKS1,N116F,0.94
Q9NXB0,MKS1,S117M,0.997
Q9NXB0,MKS1,S117W,0.896
Q9NXB0,MKS1,S117V,0.968
Q9NXB0,MKS1,S117T,1.09
Q9NXB0,MKS1,S117R,0.975
Q9NXB0,MKS1,S117Q,0.975
Q9NXB0,MKS1,S117P,1.014
Q9NXB0,MKS1,S117N,1.104
Q9NXB0,MKS1,S117L,0.99
Q9NXB0,MKS1,S117Y,0.975
Q9NXB0,MKS1,S117I,0.977
Q9NXB0,MKS1,S117A,1.088
Q9NXB0,MKS1,S117C,1.03
Q9NXB0,MKS1,S117D,0.974
Q9NXB0,MKS1,S117K,0.98
Q9NXB0,MKS1,S117F,1.006
Q9NXB0,MKS1,S117G,1.051
Q9NXB0,MKS1,S117H,0.962
Q9NXB0,MKS1,S117E,0.942
Q9NXB0,MKS1,G118P,0.872
Q9NXB0,MKS1,G118Y,0.856
Q9NXB0,MKS1,G118W,0.921
Q9NXB0,MKS1,G118V,0.932
Q9NXB0,MKS1,G118T,0.934
Q9NXB0,MKS1,G118S,1.038
Q9NXB0,MKS1,G118R,0.97
Q9NXB0,MKS1,G118Q,0.921
Q9NXB0,MKS1,G118N,1.008
Q9NXB0,MKS1,G118M,0.863
Q9NXB0,MKS1,G118L,0.829
Q9NXB0,MKS1,G118C,0.935
Q9NXB0,MKS1,G118D,0.992
Q9NXB0,MKS1,G118E,0.968
Q9NXB0,MKS1,G118A,1.023
Q9NXB0,MKS1,G118H,0.906
Q9NXB0,MKS1,G118I,0.865
Q9NXB0,MKS1,G118K,0.92
Q9NXB0,MKS1,G118F,0.885
Q9NXB0,MKS1,G119N,0.93
Q9NXB0,MKS1,G119W,0.856
Q9NXB0,MKS1,G119V,0.875
Q9NXB0,MKS1,G119T,0.859
Q9NXB0,MKS1,G119S,0.956
Q9NXB0,MKS1,G119R,0.886
Q9NXB0,MKS1,G119Q,0.839
Q9NXB0,MKS1,G119P,0.796
Q9NXB0,MKS1,G119M,0.806
Q9NXB0,MKS1,G119Y,0.788
Q9NXB0,MKS1,G119K,0.832
Q9NXB0,MKS1,G119A,0.948
Q9NXB0,MKS1,G119C,0.872
Q9NXB0,MKS1,G119D,0.906
Q9NXB0,MKS1,G119L,0.782
Q9NXB0,MKS1,G119F,0.834
Q9NXB0,MKS1,G119H,0.829
Q9NXB0,MKS1,G119I,0.818
Q9NXB0,MKS1,G119E,0.879
Q9NXB0,MKS1,K120N,0.934
Q9NXB0,MKS1,K120W,0.843
Q9NXB0,MKS1,K120V,0.889
Q9NXB0,MKS1,K120T,0.907
Q9NXB0,MKS1,K120S,0.877
Q9NXB0,MKS1,K120R,1.009
Q9NXB0,MKS1,K120Q,0.964
Q9NXB0,MKS1,K120P,0.814
Q9NXB0,MKS1,K120M,0.96
Q9NXB0,MKS1,K120Y,0.816
Q9NXB0,MKS1,K120I,0.899
Q9NXB0,MKS1,K120A,0.867
Q9NXB0,MKS1,K120C,0.814
Q9NXB0,MKS1,K120D,0.812
Q9NXB0,MKS1,K120L,0.893
Q9NXB0,MKS1,K120F,0.816
Q9NXB0,MKS1,K120G,0.804
Q9NXB0,MKS1,K120H,0.883
Q9NXB0,MKS1,K120E,0.942
Q9NXB0,MKS1,K121N,1.042
Q9NXB0,MKS1,K121W,0.884
Q9NXB0,MKS1,K121V,0.93
Q9NXB0,MKS1,K121T,0.996
Q9NXB0,MKS1,K121S,1.002
Q9NXB0,MKS1,K121R,1.121
Q9NXB0,MKS1,K121Q,1.073
Q9NXB0,MKS1,K121P,0.942
Q9NXB0,MKS1,K121Y,0.895
Q9NXB0,MKS1,K121M,1.004
Q9NXB0,MKS1,K121I,0.917
Q9NXB0,MKS1,K121H,0.977
Q9NXB0,MKS1,K121G,0.913
Q9NXB0,MKS1,K121F,0.863
Q9NXB0,MKS1,K121E,1.066
Q9NXB0,MKS1,K121D,0.948
Q9NXB0,MKS1,K121C,0.854
Q9NXB0,MKS1,K121A,0.962
Q9NXB0,MKS1,K121L,0.922
Q9NXB0,MKS1,N122P,0.687
Q9NXB0,MKS1,N122Q,0.796
Q9NXB0,MKS1,N122R,0.774
Q9NXB0,MKS1,N122M,0.762
Q9NXB0,MKS1,N122T,0.838
Q9NXB0,MKS1,N122V,0.726
Q9NXB0,MKS1,N122W,0.666
Q9NXB0,MKS1,N122S,0.881
Q9NXB0,MKS1,N122L,0.724
Q9NXB0,MKS1,N122Y,0.772
Q9NXB0,MKS1,N122I,0.76
Q9NXB0,MKS1,N122A,0.743
Q9NXB0,MKS1,N122C,0.729
Q9NXB0,MKS1,N122D,0.858
Q9NXB0,MKS1,N122K,0.803
Q9NXB0,MKS1,N122F,0.748
Q9NXB0,MKS1,N122G,0.811
Q9NXB0,MKS1,N122H,0.863
Q9NXB0,MKS1,N122E,0.768
Q9NXB0,MKS1,R123Y,1.006
Q9NXB0,MKS1,R123W,1.057
Q9NXB0,MKS1,R123V,0.985
Q9NXB0,MKS1,R123T,1.061
Q9NXB0,MKS1,R123S,1.058
Q9NXB0,MKS1,R123Q,1.168
Q9NXB0,MKS1,R123P,1.002
Q9NXB0,MKS1,R123M,1.064
Q9NXB0,MKS1,R123L,1.036
Q9NXB0,MKS1,R123N,1.09
Q9NXB0,MKS1,R123I,1.002
Q9NXB0,MKS1,R123K,1.212
Q9NXB0,MKS1,R123C,1.066
Q9NXB0,MKS1,R123D,0.944
Q9NXB0,MKS1,R123E,1.046
Q9NXB0,MKS1,R123A,1.002
Q9NXB0,MKS1,R123G,1.038
Q9NXB0,MKS1,R123H,1.146
Q9NXB0,MKS1,R123F,0.915
Q9NXB0,MKS1,R124M,0.745
Q9NXB0,MKS1,R124Y,0.67
Q9NXB0,MKS1,R124W,0.684
Q9NXB0,MKS1,R124V,0.666
Q9NXB0,MKS1,R124T,0.71
Q9NXB0,MKS1,R124S,0.702
Q9NXB0,MKS1,R124Q,0.794
Q9NXB0,MKS1,R124P,0.662
Q9NXB0,MKS1,R124L,0.729
Q9NXB0,MKS1,R124N,0.728
Q9NXB0,MKS1,R124I,0.673
Q9NXB0,MKS1,R124C,0.714
Q9NXB0,MKS1,R124D,0.586
Q9NXB0,MKS1,R124E,0.688
Q9NXB0,MKS1,R124A,0.678
Q9NXB0,MKS1,R124G,0.69
Q9NXB0,MKS1,R124H,0.776
Q9NXB0,MKS1,R124F,0.597
Q9NXB0,MKS1,R124K,0.822
Q9NXB0,MKS1,I125Y,0.673
Q9NXB0,MKS1,I125N,0.578
Q9NXB0,MKS1,I125W,0.578
Q9NXB0,MKS1,I125V,0.898
Q9NXB0,MKS1,I125T,0.688
Q9NXB0,MKS1,I125S,0.598
Q9NXB0,MKS1,I125R,0.554
Q9NXB0,MKS1,I125Q,0.532
Q9NXB0,MKS1,I125P,0.544
Q9NXB0,MKS1,I125M,0.812
Q9NXB0,MKS1,I125K,0.542
Q9NXB0,MKS1,I125H,0.548
Q9NXB0,MKS1,I125G,0.507
Q9NXB0,MKS1,I125F,0.769
Q9NXB0,MKS1,I125E,0.523
Q9NXB0,MKS1,I125D,0.504
Q9NXB0,MKS1,I125C,0.671
Q9NXB0,MKS1,I125A,0.659
Q9NXB0,MKS1,I125L,0.862
Q9NXB0,MKS1,F126P,0.248
Q9NXB0,MKS1,F126Q,0.309
Q9NXB0,MKS1,F126R,0.317
Q9NXB0,MKS1,F126N,0.367
Q9NXB0,MKS1,F126T,0.427
Q9NXB0,MKS1,F126V,0.552
Q9NXB0,MKS1,F126W,0.573
Q9NXB0,MKS1,F126S,0.46
Q9NXB0,MKS1,F126M,0.569
Q9NXB0,MKS1,F126Y,0.674
Q9NXB0,MKS1,F126K,0.315
Q9NXB0,MKS1,F126A,0.432
Q9NXB0,MKS1,F126C,0.532
Q9NXB0,MKS1,F126D,0.284
Q9NXB0,MKS1,F126L,0.615
Q9NXB0,MKS1,F126G,0.352
Q9NXB0,MKS1,F126H,0.497
Q9NXB0,MKS1,F126I,0.58
Q9NXB0,MKS1,F126E,0.238
Q9NXB0,MKS1,T127N,0.638
Q9NXB0,MKS1,T127Y,0.611
Q9NXB0,MKS1,T127W,0.524
Q9NXB0,MKS1,T127V,0.767
Q9NXB0,MKS1,T127S,0.718
Q9NXB0,MKS1,T127R,0.561
Q9NXB0,MKS1,T127Q,0.576
Q9NXB0,MKS1,T127P,0.562
Q9NXB0,MKS1,T127M,0.751
Q9NXB0,MKS1,T127D,0.526
Q9NXB0,MKS1,T127K,0.572
Q9NXB0,MKS1,T127C,0.722
Q9NXB0,MKS1,T127L,0.732
Q9NXB0,MKS1,T127E,0.52
Q9NXB0,MKS1,T127A,0.746
Q9NXB0,MKS1,T127G,0.556
Q9NXB0,MKS1,T127H,0.534
Q9NXB0,MKS1,T127I,0.757
Q9NXB0,MKS1,T127F,0.662
Q9NXB0,MKS1,Y128M,0.595
Q9NXB0,MKS1,Y128V,0.596
Q9NXB0,MKS1,Y128T,0.492
Q9NXB0,MKS1,Y128S,0.498
Q9NXB0,MKS1,Y128R,0.523
Q9NXB0,MKS1,Y128Q,0.548
Q9NXB0,MKS1,Y128P,0.358
Q9NXB0,MKS1,Y128N,0.52
Q9NXB0,MKS1,Y128L,0.641
Q9NXB0,MKS1,Y128W,0.706
Q9NXB0,MKS1,Y128I,0.597
Q9NXB0,MKS1,Y128A,0.497
Q9NXB0,MKS1,Y128C,0.613
Q9NXB0,MKS1,Y128D,0.398
Q9NXB0,MKS1,Y128K,0.461
Q9NXB0,MKS1,Y128F,0.819
Q9NXB0,MKS1,Y128G,0.468
Q9NXB0,MKS1,Y128H,0.709
Q9NXB0,MKS1,Y128E,0.43
Q9NXB0,MKS1,T129N,0.604
Q9NXB0,MKS1,T129W,0.436
Q9NXB0,MKS1,T129V,0.708
Q9NXB0,MKS1,T129S,0.68
Q9NXB0,MKS1,T129R,0.524
Q9NXB0,MKS1,T129Q,0.533
Q9NXB0,MKS1,T129P,0.52
Q9NXB0,MKS1,T129M,0.693
Q9NXB0,MKS1,T129Y,0.554
Q9NXB0,MKS1,T129L,0.664
Q9NXB0,MKS1,T129A,0.696
Q9NXB0,MKS1,T129C,0.67
Q9NXB0,MKS1,T129D,0.492
Q9NXB0,MKS1,T129E,0.481
Q9NXB0,MKS1,T129K,0.538
Q9NXB0,MKS1,T129G,0.517
Q9NXB0,MKS1,T129H,0.488
Q9NXB0,MKS1,T129I,0.696
Q9NXB0,MKS1,T129F,0.581
Q9NXB0,MKS1,D130N,0.786
Q9NXB0,MKS1,D130W,0.523
Q9NXB0,MKS1,D130V,0.628
Q9NXB0,MKS1,D130T,0.67
Q9NXB0,MKS1,D130S,0.712
Q9NXB0,MKS1,D130R,0.582
Q9NXB0,MKS1,D130Q,0.692
Q9NXB0,MKS1,D130P,0.607
Q9NXB0,MKS1,D130Y,0.651
Q9NXB0,MKS1,D130L,0.587
Q9NXB0,MKS1,D130K,0.655
Q9NXB0,MKS1,D130I,0.62
Q9NXB0,MKS1,D130H,0.68
Q9NXB0,MKS1,D130G,0.714
Q9NXB0,MKS1,D130F,0.637
Q9NXB0,MKS1,D130E,0.82
Q9NXB0,MKS1,D130C,0.592
Q9NXB0,MKS1,D130A,0.666
Q9NXB0,MKS1,D130M,0.614
Q9NXB0,MKS1,S131N,0.922
Q9NXB0,MKS1,S131P,0.814
Q9NXB0,MKS1,S131Q,0.79
Q9NXB0,MKS1,S131M,0.799
Q9NXB0,MKS1,S131T,0.908
Q9NXB0,MKS1,S131V,0.772
Q9NXB0,MKS1,S131W,0.706
Q9NXB0,MKS1,S131R,0.783
Q9NXB0,MKS1,S131Y,0.776
Q9NXB0,MKS1,S131L,0.794
Q9NXB0,MKS1,S131I,0.784
Q9NXB0,MKS1,S131A,0.91
Q9NXB0,MKS1,S131C,0.845
Q9NXB0,MKS1,S131D,0.791
Q9NXB0,MKS1,S131K,0.798
Q9NXB0,MKS1,S131F,0.809
Q9NXB0,MKS1,S131G,0.858
Q9NXB0,MKS1,S131H,0.773
Q9NXB0,MKS1,S131E,0.762
Q9NXB0,MKS1,D132P,0.379
Q9NXB0,MKS1,D132Y,0.552
Q9NXB0,MKS1,D132W,0.424
Q9NXB0,MKS1,D132V,0.56
Q9NXB0,MKS1,D132T,0.53
Q9NXB0,MKS1,D132S,0.555
Q9NXB0,MKS1,D132R,0.444
Q9NXB0,MKS1,D132Q,0.574
Q9NXB0,MKS1,D132N,0.664
Q9NXB0,MKS1,D132M,0.5
Q9NXB0,MKS1,D132L,0.504
Q9NXB0,MKS1,D132C,0.563
Q9NXB0,MKS1,D132E,0.676
Q9NXB0,MKS1,D132F,0.556
Q9NXB0,MKS1,D132A,0.546
Q9NXB0,MKS1,D132H,0.609
Q9NXB0,MKS1,D132I,0.543
Q9NXB0,MKS1,D132K,0.469
Q9NXB0,MKS1,D132G,0.531
Q9NXB0,MKS1,R133N,0.946
Q9NXB0,MKS1,R133Y,0.892
Q9NXB0,MKS1,R133W,0.923
Q9NXB0,MKS1,R133V,0.87
Q9NXB0,MKS1,R133T,0.932
Q9NXB0,MKS1,R133S,0.926
Q9NXB0,MKS1,R133Q,1.014
Q9NXB0,MKS1,R133P,0.871
Q9NXB0,MKS1,R133M,0.946
Q9NXB0,MKS1,R133L,0.926
Q9NXB0,MKS1,R133K,1.044
Q9NXB0,MKS1,R133C,0.927
Q9NXB0,MKS1,R133D,0.804
Q9NXB0,MKS1,R133E,0.89
Q9NXB0,MKS1,R133A,0.861
Q9NXB0,MKS1,R133G,0.912
Q9NXB0,MKS1,R133H,1.004
Q9NXB0,MKS1,R133I,0.889
Q9NXB0,MKS1,R133F,0.804
Q9NXB0,MKS1,Y134N,0.752
Q9NXB0,MKS1,Y134W,0.8
Q9NXB0,MKS1,Y134V,0.756
Q9NXB0,MKS1,Y134T,0.739
Q9NXB0,MKS1,Y134S,0.763
Q9NXB0,MKS1,Y134R,0.712
Q9NXB0,MKS1,Y134Q,0.787
Q9NXB0,MKS1,Y134P,0.69
Q9NXB0,MKS1,Y134M,0.777
Q9NXB0,MKS1,Y134L,0.796
Q9NXB0,MKS1,Y134K,0.69
Q9NXB0,MKS1,Y134C,0.808
Q9NXB0,MKS1,Y134D,0.708
Q9NXB0,MKS1,Y134E,0.695
Q9NXB0,MKS1,Y134A,0.734
Q9NXB0,MKS1,Y134G,0.667
Q9NXB0,MKS1,Y134H,0.926
Q9NXB0,MKS1,Y134I,0.747
Q9NXB0,MKS1,Y134F,0.973
Q9NXB0,MKS1,T135M,0.771
Q9NXB0,MKS1,T135W,0.588
Q9NXB0,MKS1,T135V,0.77
Q9NXB0,MKS1,T135S,0.806
Q9NXB0,MKS1,T135R,0.718
Q9NXB0,MKS1,T135Q,0.702
Q9NXB0,MKS1,T135P,0.716
Q9NXB0,MKS1,T135N,0.776
Q9NXB0,MKS1,T135L,0.703
Q9NXB0,MKS1,T135Y,0.666
Q9NXB0,MKS1,T135I,0.762
Q9NXB0,MKS1,T135A,0.806
Q9NXB0,MKS1,T135C,0.724
Q9NXB0,MKS1,T135D,0.658
Q9NXB0,MKS1,T135K,0.729
Q9NXB0,MKS1,T135F,0.658
Q9NXB0,MKS1,T135G,0.662
Q9NXB0,MKS1,T135H,0.671
Q9NXB0,MKS1,T135E,0.678
Q9NXB0,MKS1,N136P,0.668
Q9NXB0,MKS1,N136Y,0.756
Q9NXB0,MKS1,N136W,0.624
Q9NXB0,MKS1,N136V,0.686
Q9NXB0,MKS1,N136T,0.823
Q9NXB0,MKS1,N136S,0.869
Q9NXB0,MKS1,N136R,0.776
Q9NXB0,MKS1,N136Q,0.784
Q9NXB0,MKS1,N136M,0.737
Q9NXB0,MKS1,N136L,0.666
Q9NXB0,MKS1,N136K,0.813
Q9NXB0,MKS1,N136C,0.71
Q9NXB0,MKS1,N136D,0.844
Q9NXB0,MKS1,N136E,0.748
Q9NXB0,MKS1,N136A,0.732
Q9NXB0,MKS1,N136G,0.773
Q9NXB0,MKS1,N136H,0.859
Q9NXB0,MKS1,N136I,0.717
Q9NXB0,MKS1,N136F,0.684
Q9NXB0,MKS1,L137N,0.746
Q9NXB0,MKS1,L137W,0.804
Q9NXB0,MKS1,L137V,0.903
Q9NXB0,MKS1,L137T,0.811
Q9NXB0,MKS1,L137S,0.796
Q9NXB0,MKS1,L137R,0.808
Q9NXB0,MKS1,L137Q,0.828
Q9NXB0,MKS1,L137P,0.799
Q9NXB0,MKS1,L137M,0.964
Q9NXB0,MKS1,L137Y,0.806
Q9NXB0,MKS1,L137I,0.94
Q9NXB0,MKS1,L137A,0.8
Q9NXB0,MKS1,L137C,0.796
Q9NXB0,MKS1,L137D,0.693
Q9NXB0,MKS1,L137K,0.771
Q9NXB0,MKS1,L137F,0.883
Q9NXB0,MKS1,L137G,0.676
Q9NXB0,MKS1,L137H,0.796
Q9NXB0,MKS1,L137E,0.736
Q9NXB0,MKS1,E138N,0.826
Q9NXB0,MKS1,E138W,0.708
Q9NXB0,MKS1,E138V,0.816
Q9NXB0,MKS1,E138T,0.798
Q9NXB0,MKS1,E138S,0.8
Q9NXB0,MKS1,E138R,0.824
Q9NXB0,MKS1,E138Q,0.95
Q9NXB0,MKS1,E138P,0.768
Q9NXB0,MKS1,E138M,0.792
Q9NXB0,MKS1,E138Y,0.765
Q9NXB0,MKS1,E138K,0.895
Q9NXB0,MKS1,E138A,0.844
Q9NXB0,MKS1,E138C,0.702
Q9NXB0,MKS1,E138D,0.956
Q9NXB0,MKS1,E138L,0.745
Q9NXB0,MKS1,E138G,0.814
Q9NXB0,MKS1,E138H,0.822
Q9NXB0,MKS1,E138I,0.776
Q9NXB0,MKS1,E138F,0.712
Q9NXB0,MKS1,E139N,0.784
Q9NXB0,MKS1,E139W,0.668
Q9NXB0,MKS1,E139V,0.776
Q9NXB0,MKS1,E139T,0.758
Q9NXB0,MKS1,E139S,0.759
Q9NXB0,MKS1,E139R,0.782
Q9NXB0,MKS1,E139Q,0.904
Q9NXB0,MKS1,E139P,0.727
Q9NXB0,MKS1,E139Y,0.724
Q9NXB0,MKS1,E139M,0.751
Q9NXB0,MKS1,E139K,0.854
Q9NXB0,MKS1,E139I,0.732
Q9NXB0,MKS1,E139H,0.781
Q9NXB0,MKS1,E139G,0.772
Q9NXB0,MKS1,E139F,0.671
Q9NXB0,MKS1,E139D,0.912
Q9NXB0,MKS1,E139C,0.657
Q9NXB0,MKS1,E139A,0.802
Q9NXB0,MKS1,E139L,0.704
Q9NXB0,MKS1,H140P,0.846
Q9NXB0,MKS1,H140Q,0.947
Q9NXB0,MKS1,H140S,0.85
Q9NXB0,MKS1,H140N,0.964
Q9NXB0,MKS1,H140V,0.778
Q9NXB0,MKS1,H140W,0.838
Q9NXB0,MKS1,H140Y,0.999
Q9NXB0,MKS1,H140T,0.828
Q9NXB0,MKS1,H140M,0.834
Q9NXB0,MKS1,H140R,0.956
Q9NXB0,MKS1,H140K,0.865
Q9NXB0,MKS1,H140A,0.797
Q9NXB0,MKS1,H140C,0.85
Q9NXB0,MKS1,H140D,0.888
Q9NXB0,MKS1,H140E,0.87
Q9NXB0,MKS1,H140L,0.84
Q9NXB0,MKS1,H140G,0.8
Q9NXB0,MKS1,H140I,0.805
Q9NXB0,MKS1,H140F,0.885
Q9NXB0,MKS1,C141Q,0.853
Q9NXB0,MKS1,C141Y,0.93
Q9NXB0,MKS1,C141W,0.91
Q9NXB0,MKS1,C141V,0.887
Q9NXB0,MKS1,C141T,0.895
Q9NXB0,MKS1,C141S,0.941
Q9NXB0,MKS1,C141R,0.903
Q9NXB0,MKS1,C141P,0.814
Q9NXB0,MKS1,C141N,0.852
Q9NXB0,MKS1,C141M,0.904
Q9NXB0,MKS1,C141L,0.874
Q9NXB0,MKS1,C141K,0.816
Q9NXB0,MKS1,C141I,0.89
Q9NXB0,MKS1,C141H,0.876
Q9NXB0,MKS1,C141G,0.867
Q9NXB0,MKS1,C141F,0.907
Q9NXB0,MKS1,C141E,0.772
Q9NXB0,MKS1,C141D,0.798
Q9NXB0,MKS1,C141A,0.928
Q9NXB0,MKS1,Q142R,0.911
Q9NXB0,MKS1,Q142S,0.809
Q9NXB0,MKS1,Q142T,0.813
Q9NXB0,MKS1,Q142P,0.832
Q9NXB0,MKS1,Q142W,0.81
Q9NXB0,MKS1,Q142Y,0.809
Q9NXB0,MKS1,Q142N,0.83
Q9NXB0,MKS1,Q142V,0.777
Q9NXB0,MKS1,Q142M,0.864
Q9NXB0,MKS1,Q142D,0.797
Q9NXB0,MKS1,Q142K,0.888
Q9NXB0,MKS1,Q142A,0.801
Q9NXB0,MKS1,Q142L,0.82
Q9NXB0,MKS1,Q142E,0.908
Q9NXB0,MKS1,Q142F,0.738
Q9NXB0,MKS1,Q142C,0.768
Q9NXB0,MKS1,Q142H,0.898
Q9NXB0,MKS1,Q142I,0.762
Q9NXB0,MKS1,Q142G,0.754
Q9NXB0,MKS1,R143N,0.984
Q9NXB0,MKS1,R143Y,0.899
Q9NXB0,MKS1,R143W,0.944
Q9NXB0,MKS1,R143V,0.872
Q9NXB0,MKS1,R143T,0.952
Q9NXB0,MKS1,R143S,0.949
Q9NXB0,MKS1,R143Q,1.076
Q9NXB0,MKS1,R143P,0.888
Q9NXB0,MKS1,R143M,0.96
Q9NXB0,MKS1,R143D,0.836
Q9NXB0,MKS1,R143K,1.116
Q9NXB0,MKS1,R143I,0.887
Q9NXB0,MKS1,R143H,1.057
Q9NXB0,MKS1,R143G,0.925
Q9NXB0,MKS1,R143F,0.812
Q9NXB0,MKS1,R143E,0.934
Q9NXB0,MKS1,R143C,0.948
Q9NXB0,MKS1,R143A,0.883
Q9NXB0,MKS1,R143L,0.916
Q9NXB0,MKS1,M144P,0.744
Q9NXB0,MKS1,M144Q,0.842
Q9NXB0,MKS1,M144R,0.826
Q9NXB0,MKS1,M144N,0.774
Q9NXB0,MKS1,M144T,0.885
Q9NXB0,MKS1,M144V,0.93
Q9NXB0,MKS1,M144W,0.802
Q9NXB0,MKS1,M144S,0.798
Q9NXB0,MKS1,M144L,0.937
Q9NXB0,MKS1,M144Y,0.786
Q9NXB0,MKS1,M144I,0.926
Q9NXB0,MKS1,M144H,0.777
Q9NXB0,MKS1,M144G,0.714
Q9NXB0,MKS1,M144F,0.824
Q9NXB0,MKS1,M144E,0.769
Q9NXB0,MKS1,M144D,0.691
Q9NXB0,MKS1,M144C,0.782
Q9NXB0,MKS1,M144A,0.835
Q9NXB0,MKS1,M144K,0.838
Q9NXB0,MKS1,T145P,0.765
Q9NXB0,MKS1,T145Q,0.75
Q9NXB0,MKS1,T145R,0.766
Q9NXB0,MKS1,T145Y,0.721
Q9NXB0,MKS1,T145N,0.824
Q9NXB0,MKS1,T145V,0.818
Q9NXB0,MKS1,T145W,0.637
Q9NXB0,MKS1,T145S,0.855
Q9NXB0,MKS1,T145M,0.834
Q9NXB0,MKS1,T145D,0.706
Q9NXB0,MKS1,T145K,0.778
Q9NXB0,MKS1,T145A,0.854
Q9NXB0,MKS1,T145C,0.772
Q9NXB0,MKS1,T145E,0.726
Q9NXB0,MKS1,T145L,0.752
Q9NXB0,MKS1,T145G,0.715
Q9NXB0,MKS1,T145H,0.728
Q9NXB0,MKS1,T145I,0.826
Q9NXB0,MKS1,T145F,0.708
Q9NXB0,MKS1,T146N,0.894
Q9NXB0,MKS1,T146Y,0.782
Q9NXB0,MKS1,T146W,0.721
Q9NXB0,MKS1,T146V,0.888
Q9NXB0,MKS1,T146S,0.939
Q9NXB0,MKS1,T146R,0.827
Q9NXB0,MKS1,T146Q,0.811
Q9NXB0,MKS1,T146P,0.826
Q9NXB0,MKS1,T146M,0.902
Q9NXB0,MKS1,T146L,0.812
Q9NXB0,MKS1,T146K,0.838
Q9NXB0,MKS1,T146C,0.833
Q9NXB0,MKS1,T146D,0.782
Q9NXB0,MKS1,T146E,0.789
Q9NXB0,MKS1,T146A,0.93
Q9NXB0,MKS1,T146G,0.776
Q9NXB0,MKS1,T146H,0.788
Q9NXB0,MKS1,T146I,0.888
Q9NXB0,MKS1,T146F,0.768
Q9NXB0,MKS1,A147P,0.876
Q9NXB0,MKS1,A147W,0.743
Q9NXB0,MKS1,A147V,0.942
Q9NXB0,MKS1,A147T,0.956
Q9NXB0,MKS1,A147S,0.966
Q9NXB0,MKS1,A147R,0.807
Q9NXB0,MKS1,A147Q,0.834
Q9NXB0,MKS1,A147Y,0.81
Q9NXB0,MKS1,A147N,0.832
Q9NXB0,MKS1,A147I,0.868
Q9NXB0,MKS1,A147L,0.843
Q9NXB0,MKS1,A147K,0.822
Q9NXB0,MKS1,A147H,0.792
Q9NXB0,MKS1,A147G,0.916
Q9NXB0,MKS1,A147F,0.804
Q9NXB0,MKS1,A147E,0.863
Q9NXB0,MKS1,A147D,0.827
Q9NXB0,MKS1,A147C,0.895
Q9NXB0,MKS1,A147M,0.883
Q9NXB0,MKS1,A148Q,1.054
Q9NXB0,MKS1,A148R,1.014
Q9NXB0,MKS1,A148S,1.178
Q9NXB0,MKS1,A148Y,1.011
Q9NXB0,MKS1,A148V,1.148
Q9NXB0,MKS1,A148W,0.944
Q9NXB0,MKS1,A148P,1.11
Q9NXB0,MKS1,A148T,1.164
Q9NXB0,MKS1,A148N,1.05
Q9NXB0,MKS1,A148I,1.064
Q9NXB0,MKS1,A148L,1.05
Q9NXB0,MKS1,A148K,1.042
Q9NXB0,MKS1,A148H,0.994
Q9NXB0,MKS1,A148G,1.128
Q9NXB0,MKS1,A148F,1.004
Q9NXB0,MKS1,A148E,1.094
Q9NXB0,MKS1,A148D,1.05
Q9NXB0,MKS1,A148C,1.094
Q9NXB0,MKS1,A148M,1.085
Q9NXB0,MKS1,S149R,1.116
Q9NXB0,MKS1,S149Q,1.124
Q9NXB0,MKS1,S149T,1.245
Q9NXB0,MKS1,S149P,1.142
Q9NXB0,MKS1,S149W,1.016
Q9NXB0,MKS1,S149Y,1.089
Q9NXB0,MKS1,S149N,1.264
Q9NXB0,MKS1,S149V,1.07
Q9NXB0,MKS1,S149M,1.106
Q9NXB0,MKS1,S149D,1.125
Q9NXB0,MKS1,S149K,1.132
Q9NXB0,MKS1,S149A,1.242
Q9NXB0,MKS1,S149C,1.168
Q9NXB0,MKS1,S149E,1.102
Q9NXB0,MKS1,S149L,1.082
Q9NXB0,MKS1,S149G,1.188
Q9NXB0,MKS1,S149H,1.096
Q9NXB0,MKS1,S149I,1.076
Q9NXB0,MKS1,S149F,1.102
Q9NXB0,MKS1,E150Y,0.824
Q9NXB0,MKS1,E150W,0.762
Q9NXB0,MKS1,E150V,0.896
Q9NXB0,MKS1,E150T,0.896
Q9NXB0,MKS1,E150S,0.899
Q9NXB0,MKS1,E150R,0.898
Q9NXB0,MKS1,E150Q,1.04
Q9NXB0,MKS1,E150N,0.92
Q9NXB0,MKS1,E150M,0.861
Q9NXB0,MKS1,E150P,0.863
Q9NXB0,MKS1,E150K,1.0
Q9NXB0,MKS1,E150I,0.84
Q9NXB0,MKS1,E150H,0.904
Q9NXB0,MKS1,E150G,0.9
Q9NXB0,MKS1,E150F,0.774
Q9NXB0,MKS1,E150D,1.055
Q9NXB0,MKS1,E150C,0.77
Q9NXB0,MKS1,E150A,0.934
Q9NXB0,MKS1,E150L,0.82
Q9NXB0,MKS1,V151P,0.994
Q9NXB0,MKS1,V151Q,1.009
Q9NXB0,MKS1,V151R,0.98
Q9NXB0,MKS1,V151Y,1.015
Q9NXB0,MKS1,V151T,1.131
Q9NXB0,MKS1,V151W,0.943
Q9NXB0,MKS1,V151S,1.015
Q9NXB0,MKS1,V151M,1.154
Q9NXB0,MKS1,V151N,0.986
Q9NXB0,MKS1,V151L,1.132
Q9NXB0,MKS1,V151A,1.112
Q9NXB0,MKS1,V151C,1.014
Q9NXB0,MKS1,V151D,0.996
Q9NXB0,MKS1,V151E,1.06
Q9NXB0,MKS1,V151K,1.005
Q9NXB0,MKS1,V151G,1.022
Q9NXB0,MKS1,V151H,0.956
Q9NXB0,MKS1,V151I,1.222
Q9NXB0,MKS1,V151F,1.064
Q9NXB0,MKS1,P152M,0.886
Q9NXB0,MKS1,P152W,0.718
Q9NXB0,MKS1,P152V,0.876
Q9NXB0,MKS1,P152T,0.919
Q9NXB0,MKS1,P152S,0.922
Q9NXB0,MKS1,P152R,0.861
Q9NXB0,MKS1,P152Q,0.922
Q9NXB0,MKS1,P152N,0.818
Q9NXB0,MKS1,P152Y,0.833
Q9NXB0,MKS1,P152K,0.832
Q9NXB0,MKS1,P152I,0.849
Q9NXB0,MKS1,P152H,0.884
Q9NXB0,MKS1,P152G,0.798
Q9NXB0,MKS1,P152F,0.819
Q9NXB0,MKS1,P152E,0.84
Q9NXB0,MKS1,P152D,0.792
Q9NXB0,MKS1,P152C,0.81
Q9NXB0,MKS1,P152A,0.933
Q9NXB0,MKS1,P152L,0.912
Q9NXB0,MKS1,S153N,0.96
Q9NXB0,MKS1,S153P,0.884
Q9NXB0,MKS1,S153Q,0.841
Q9NXB0,MKS1,S153Y,0.857
Q9NXB0,MKS1,S153T,0.951
Q9NXB0,MKS1,S153V,0.85
Q9NXB0,MKS1,S153W,0.783
Q9NXB0,MKS1,S153R,0.849
Q9NXB0,MKS1,S153M,0.881
Q9NXB0,MKS1,S153L,0.874
Q9NXB0,MKS1,S153I,0.86
Q9NXB0,MKS1,S153A,0.954
Q9NXB0,MKS1,S153C,0.904
Q9NXB0,MKS1,S153D,0.834
Q9NXB0,MKS1,S153K,0.84
Q9NXB0,MKS1,S153F,0.888
Q9NXB0,MKS1,S153G,0.912
Q9NXB0,MKS1,S153H,0.838
Q9NXB0,MKS1,S153E,0.806
Q9NXB0,MKS1,F154Y,1.055
Q9NXB0,MKS1,F154W,0.938
Q9NXB0,MKS1,F154V,0.919
Q9NXB0,MKS1,F154T,0.882
Q9NXB0,MKS1,F154S,0.896
Q9NXB0,MKS1,F154R,0.834
Q9NXB0,MKS1,F154Q,0.841
Q9NXB0,MKS1,F154N,0.831
Q9NXB0,MKS1,F154P,0.773
Q9NXB0,MKS1,F154M,0.926
Q9NXB0,MKS1,F154K,0.804
Q9NXB0,MKS1,F154I,0.95
Q9NXB0,MKS1,F154H,0.914
Q9NXB0,MKS1,F154G,0.781
Q9NXB0,MKS1,F154E,0.766
Q9NXB0,MKS1,F154D,0.83
Q9NXB0,MKS1,F154C,0.896
Q9NXB0,MKS1,F154A,0.871
Q9NXB0,MKS1,F154L,0.966
Q9NXB0,MKS1,L155P,0.811
Q9NXB0,MKS1,L155Q,0.828
Q9NXB0,MKS1,L155R,0.799
Q9NXB0,MKS1,L155N,0.736
Q9NXB0,MKS1,L155T,0.809
Q9NXB0,MKS1,L155V,0.91
Q9NXB0,MKS1,L155W,0.794
Q9NXB0,MKS1,L155S,0.798
Q9NXB0,MKS1,L155Y,0.794
Q9NXB0,MKS1,L155M,0.957
Q9NXB0,MKS1,L155I,0.928
Q9NXB0,MKS1,L155A,0.796
Q9NXB0,MKS1,L155C,0.788
Q9NXB0,MKS1,L155D,0.683
Q9NXB0,MKS1,L155K,0.758
Q9NXB0,MKS1,L155F,0.889
Q9NXB0,MKS1,L155G,0.67
Q9NXB0,MKS1,L155H,0.798
Q9NXB0,MKS1,L155E,0.726
Q9NXB0,MKS1,V156M,0.946
Q9NXB0,MKS1,V156W,0.684
Q9NXB0,MKS1,V156T,0.865
Q9NXB0,MKS1,V156S,0.74
Q9NXB0,MKS1,V156R,0.665
Q9NXB0,MKS1,V156Q,0.729
Q9NXB0,MKS1,V156P,0.696
Q9NXB0,MKS1,V156N,0.687
Q9NXB0,MKS1,V156Y,0.76
Q9NXB0,MKS1,V156L,0.916
Q9NXB0,MKS1,V156I,0.996
Q9NXB0,MKS1,V156H,0.673
Q9NXB0,MKS1,V156G,0.736
Q9NXB0,MKS1,V156F,0.828
Q9NXB0,MKS1,V156E,0.739
Q9NXB0,MKS1,V156D,0.678
Q9NXB0,MKS1,V156C,0.837
Q9NXB0,MKS1,V156A,0.897
Q9NXB0,MKS1,V156K,0.7
Q9NXB0,MKS1,E157P,0.792
Q9NXB0,MKS1,E157Q,0.968
Q9NXB0,MKS1,E157R,0.836
Q9NXB0,MKS1,E157N,0.847
Q9NXB0,MKS1,E157T,0.827
Q9NXB0,MKS1,E157V,0.865
Q9NXB0,MKS1,E157W,0.724
Q9NXB0,MKS1,E157S,0.822
Q9NXB0,MKS1,E157M,0.829
Q9NXB0,MKS1,E157Y,0.783
Q9NXB0,MKS1,E157K,0.921
Q9NXB0,MKS1,E157I,0.805
Q9NXB0,MKS1,E157H,0.841
Q9NXB0,MKS1,E157G,0.858
Q9NXB0,MKS1,E157F,0.738
Q9NXB0,MKS1,E157D,0.977
Q9NXB0,MKS1,E157C,0.724
Q9NXB0,MKS1,E157A,0.885
Q9NXB0,MKS1,E157L,0.784
Q9NXB0,MKS1,R158P,0.835
Q9NXB0,MKS1,R158Q,0.979
Q9NXB0,MKS1,R158S,0.886
Q9NXB0,MKS1,R158Y,0.841
Q9NXB0,MKS1,R158N,0.902
Q9NXB0,MKS1,R158V,0.826
Q9NXB0,MKS1,R158W,0.874
Q9NXB0,MKS1,R158T,0.891
Q9NXB0,MKS1,R158M,0.907
Q9NXB0,MKS1,R158D,0.761
Q9NXB0,MKS1,R158K,1.004
Q9NXB0,MKS1,R158A,0.824
Q9NXB0,MKS1,R158C,0.897
Q9NXB0,MKS1,R158E,0.847
Q9NXB0,MKS1,R158L,0.88
Q9NXB0,MKS1,R158G,0.881
Q9NXB0,MKS1,R158H,0.974
Q9NXB0,MKS1,R158I,0.833
Q9NXB0,MKS1,R158F,0.753
Q9NXB0,MKS1,M159P,0.564
Q9NXB0,MKS1,M159Y,0.616
Q9NXB0,MKS1,M159W,0.627
Q9NXB0,MKS1,M159V,0.758
Q9NXB0,MKS1,M159T,0.686
Q9NXB0,MKS1,M159S,0.626
Q9NXB0,MKS1,M159R,0.644
Q9NXB0,MKS1,M159Q,0.672
Q9NXB0,MKS1,M159N,0.585
Q9NXB0,MKS1,M159L,0.766
Q9NXB0,MKS1,M159K,0.653
Q9NXB0,MKS1,M159C,0.611
Q9NXB0,MKS1,M159D,0.504
Q9NXB0,MKS1,M159E,0.582
Q9NXB0,MKS1,M159A,0.65
Q9NXB0,MKS1,M159G,0.52
Q9NXB0,MKS1,M159H,0.587
Q9NXB0,MKS1,M159I,0.756
Q9NXB0,MKS1,M159F,0.654
Q9NXB0,MKS1,A160P,0.746
Q9NXB0,MKS1,A160Y,0.68
Q9NXB0,MKS1,A160W,0.613
Q9NXB0,MKS1,A160V,0.808
Q9NXB0,MKS1,A160T,0.82
Q9NXB0,MKS1,A160S,0.822
Q9NXB0,MKS1,A160R,0.677
Q9NXB0,MKS1,A160Q,0.704
Q9NXB0,MKS1,A160N,0.702
Q9NXB0,MKS1,A160M,0.752
Q9NXB0,MKS1,A160L,0.713
Q9NXB0,MKS1,A160D,0.698
Q9NXB0,MKS1,A160E,0.733
Q9NXB0,MKS1,A160F,0.674
Q9NXB0,MKS1,A160C,0.765
Q9NXB0,MKS1,A160H,0.662
Q9NXB0,MKS1,A160I,0.738
Q9NXB0,MKS1,A160K,0.692
Q9NXB0,MKS1,A160G,0.786
Q9NXB0,MKS1,N161P,0.688
Q9NXB0,MKS1,N161Y,0.78
Q9NXB0,MKS1,N161W,0.658
Q9NXB0,MKS1,N161V,0.714
Q9NXB0,MKS1,N161T,0.842
Q9NXB0,MKS1,N161S,0.889
Q9NXB0,MKS1,N161R,0.796
Q9NXB0,MKS1,N161Q,0.803
Q9NXB0,MKS1,N161M,0.756
Q9NXB0,MKS1,N161L,0.686
Q9NXB0,MKS1,N161K,0.832
Q9NXB0,MKS1,N161C,0.748
Q9NXB0,MKS1,N161D,0.864
Q9NXB0,MKS1,N161E,0.767
Q9NXB0,MKS1,N161A,0.751
Q9NXB0,MKS1,N161G,0.792
Q9NXB0,MKS1,N161H,0.878
Q9NXB0,MKS1,N161I,0.758
Q9NXB0,MKS1,N161F,0.71
Q9NXB0,MKS1,V162N,0.657
Q9NXB0,MKS1,V162Y,0.692
Q9NXB0,MKS1,V162W,0.635
Q9NXB0,MKS1,V162T,0.78
Q9NXB0,MKS1,V162S,0.682
Q9NXB0,MKS1,V162R,0.652
Q9NXB0,MKS1,V162Q,0.682
Q9NXB0,MKS1,V162P,0.657
Q9NXB0,MKS1,V162M,0.84
Q9NXB0,MKS1,V162L,0.807
Q9NXB0,MKS1,V162K,0.67
Q9NXB0,MKS1,V162C,0.734
Q9NXB0,MKS1,V162D,0.661
Q9NXB0,MKS1,V162E,0.713
Q9NXB0,MKS1,V162A,0.797
Q9NXB0,MKS1,V162G,0.684
Q9NXB0,MKS1,V162H,0.637
Q9NXB0,MKS1,V162I,0.894
Q9NXB0,MKS1,V162F,0.74
Q9NXB0,MKS1,R163N,0.752
Q9NXB0,MKS1,R163Y,0.689
Q9NXB0,MKS1,R163W,0.724
Q9NXB0,MKS1,R163V,0.662
Q9NXB0,MKS1,R163T,0.732
Q9NXB0,MKS1,R163S,0.728
Q9NXB0,MKS1,R163Q,0.822
Q9NXB0,MKS1,R163P,0.679
Q9NXB0,MKS1,R163M,0.739
Q9NXB0,MKS1,R163L,0.706
Q9NXB0,MKS1,R163K,0.85
Q9NXB0,MKS1,R163C,0.727
Q9NXB0,MKS1,R163D,0.626
Q9NXB0,MKS1,R163E,0.709
Q9NXB0,MKS1,R163A,0.673
Q9NXB0,MKS1,R163G,0.714
Q9NXB0,MKS1,R163H,0.814
Q9NXB0,MKS1,R163I,0.678
Q9NXB0,MKS1,R163F,0.601
Q9NXB0,MKS1,R164N,0.845
Q9NXB0,MKS1,R164Y,0.782
Q9NXB0,MKS1,R164W,0.827
Q9NXB0,MKS1,R164V,0.756
Q9NXB0,MKS1,R164T,0.825
Q9NXB0,MKS1,R164S,0.822
Q9NXB0,MKS1,R164Q,0.916
Q9NXB0,MKS1,R164P,0.772
Q9NXB0,MKS1,R164M,0.832
Q9NXB0,MKS1,R164L,0.8
Q9NXB0,MKS1,R164K,0.942
Q9NXB0,MKS1,R164C,0.831
Q9NXB0,MKS1,R164D,0.719
Q9NXB0,MKS1,R164E,0.802
Q9NXB0,MKS1,R164A,0.766
Q9NXB0,MKS1,R164G,0.808
Q9NXB0,MKS1,R164H,0.906
Q9NXB0,MKS1,R164I,0.77
Q9NXB0,MKS1,R164F,0.694
Q9NXB0,MKS1,R165N,0.77
Q9NXB0,MKS1,R165Y,0.706
Q9NXB0,MKS1,R165W,0.743
Q9NXB0,MKS1,R165V,0.68
Q9NXB0,MKS1,R165T,0.749
Q9NXB0,MKS1,R165S,0.746
Q9NXB0,MKS1,R165Q,0.839
Q9NXB0,MKS1,R165P,0.696
Q9NXB0,MKS1,R165M,0.756
Q9NXB0,MKS1,R165L,0.724
Q9NXB0,MKS1,R165K,0.867
Q9NXB0,MKS1,R165C,0.746
Q9NXB0,MKS1,R165D,0.643
Q9NXB0,MKS1,R165E,0.726
Q9NXB0,MKS1,R165A,0.69
Q9NXB0,MKS1,R165G,0.732
Q9NXB0,MKS1,R165H,0.831
Q9NXB0,MKS1,R165I,0.695
Q9NXB0,MKS1,R165F,0.618
Q9NXB0,MKS1,R166M,0.8
Q9NXB0,MKS1,R166W,0.794
Q9NXB0,MKS1,R166V,0.722
Q9NXB0,MKS1,R166Y,0.75
Q9NXB0,MKS1,R166S,0.789
Q9NXB0,MKS1,R166Q,0.883
Q9NXB0,MKS1,R166P,0.739
Q9NXB0,MKS1,R166N,0.812
Q9NXB0,MKS1,R166L,0.767
Q9NXB0,MKS1,R166T,0.792
Q9NXB0,MKS1,R166I,0.738
Q9NXB0,MKS1,R166A,0.733
Q9NXB0,MKS1,R166C,0.798
Q9NXB0,MKS1,R166D,0.686
Q9NXB0,MKS1,R166K,0.91
Q9NXB0,MKS1,R166F,0.662
Q9NXB0,MKS1,R166G,0.775
Q9NXB0,MKS1,R166H,0.874
Q9NXB0,MKS1,R166E,0.77
Q9NXB0,MKS1,Q167N,0.85
Q9NXB0,MKS1,Q167Y,0.828
Q9NXB0,MKS1,Q167W,0.83
Q9NXB0,MKS1,Q167V,0.788
Q9NXB0,MKS1,Q167T,0.832
Q9NXB0,MKS1,Q167S,0.828
Q9NXB0,MKS1,Q167R,0.93
Q9NXB0,MKS1,Q167P,0.852
Q9NXB0,MKS1,Q167M,0.883
Q9NXB0,MKS1,Q167L,0.84
Q9NXB0,MKS1,Q167K,0.908
Q9NXB0,MKS1,Q167C,0.776
Q9NXB0,MKS1,Q167D,0.813
Q9NXB0,MKS1,Q167E,0.928
Q9NXB0,MKS1,Q167A,0.818
Q9NXB0,MKS1,Q167G,0.76
Q9NXB0,MKS1,Q167H,0.918
Q9NXB0,MKS1,Q167I,0.769
Q9NXB0,MKS1,Q167F,0.74
Q9NXB0,MKS1,D168P,0.77
Q9NXB0,MKS1,D168Y,0.867
Q9NXB0,MKS1,D168W,0.692
Q9NXB0,MKS1,D168V,0.811
Q9NXB0,MKS1,D168T,0.845
Q9NXB0,MKS1,D168S,0.891
Q9NXB0,MKS1,D168R,0.776
Q9NXB0,MKS1,D168Q,0.885
Q9NXB0,MKS1,D168N,0.997
Q9NXB0,MKS1,D168M,0.772
Q9NXB0,MKS1,D168L,0.726
Q9NXB0,MKS1,D168C,0.788
Q9NXB0,MKS1,D168E,1.019
Q9NXB0,MKS1,D168F,0.798
Q9NXB0,MKS1,D168A,0.862
Q9NXB0,MKS1,D168H,0.904
Q9NXB0,MKS1,D168I,0.789
Q9NXB0,MKS1,D168K,0.842
Q9NXB0,MKS1,D168G,0.902
Q9NXB0,MKS1,R169N,0.928
Q9NXB0,MKS1,R169Y,0.848
Q9NXB0,MKS1,R169W,0.906
Q9NXB0,MKS1,R169V,0.815
Q9NXB0,MKS1,R169T,0.903
Q9NXB0,MKS1,R169S,0.899
Q9NXB0,MKS1,R169Q,1.016
Q9NXB0,MKS1,R169P,0.835
Q9NXB0,MKS1,R169M,0.912
Q9NXB0,MKS1,R169L,0.87
Q9NXB0,MKS1,R169K,1.048
Q9NXB0,MKS1,R169C,0.91
Q9NXB0,MKS1,R169D,0.77
Q9NXB0,MKS1,R169E,0.874
Q9NXB0,MKS1,R169A,0.828
Q9NXB0,MKS1,R169G,0.881
Q9NXB0,MKS1,R169H,1.004
Q9NXB0,MKS1,R169I,0.834
Q9NXB0,MKS1,R169F,0.739
Q9NXB0,MKS1,R170M,0.882
Q9NXB0,MKS1,R170W,0.876
Q9NXB0,MKS1,R170V,0.786
Q9NXB0,MKS1,R170Y,0.819
Q9NXB0,MKS1,R170S,0.869
Q9NXB0,MKS1,R170Q,0.984
Q9NXB0,MKS1,R170P,0.806
Q9NXB0,MKS1,R170N,0.899
Q9NXB0,MKS1,R170L,0.842
Q9NXB0,MKS1,R170T,0.872
Q9NXB0,MKS1,R170I,0.804
Q9NXB0,MKS1,R170A,0.799
Q9NXB0,MKS1,R170C,0.881
Q9NXB0,MKS1,R170D,0.74
Q9NXB0,MKS1,R170K,1.011
Q9NXB0,MKS1,R170F,0.709
Q9NXB0,MKS1,R170G,0.851
Q9NXB0,MKS1,R170H,0.975
Q9NXB0,MKS1,R170E,0.844
Q9NXB0,MKS1,G171P,0.874
Q9NXB0,MKS1,G171Y,0.855
Q9NXB0,MKS1,G171W,0.933
Q9NXB0,MKS1,G171V,0.954
Q9NXB0,MKS1,G171T,0.938
Q9NXB0,MKS1,G171S,1.077
Q9NXB0,MKS1,G171R,0.994
Q9NXB0,MKS1,G171Q,0.929
Q9NXB0,MKS1,G171N,1.03
Q9NXB0,MKS1,G171M,0.879
Q9NXB0,MKS1,G171L,0.822
Q9NXB0,MKS1,G171C,0.982
Q9NXB0,MKS1,G171D,1.006
Q9NXB0,MKS1,G171E,0.985
Q9NXB0,MKS1,G171A,1.083
Q9NXB0,MKS1,G171H,0.912
Q9NXB0,MKS1,G171I,0.872
Q9NXB0,MKS1,G171K,0.925
Q9NXB0,MKS1,G171F,0.885
Q9NXB0,MKS1,M172N,0.903
Q9NXB0,MKS1,M172W,0.936
Q9NXB0,MKS1,M172V,1.096
Q9NXB0,MKS1,M172Y,0.917
Q9NXB0,MKS1,M172S,0.932
Q9NXB0,MKS1,M172R,0.966
Q9NXB0,MKS1,M172Q,0.988
Q9NXB0,MKS1,M172P,0.864
Q9NXB0,MKS1,M172L,1.106
Q9NXB0,MKS1,M172T,1.041
Q9NXB0,MKS1,M172I,1.092
Q9NXB0,MKS1,M172H,0.906
Q9NXB0,MKS1,M172G,0.827
Q9NXB0,MKS1,M172F,0.965
Q9NXB0,MKS1,M172E,0.896
Q9NXB0,MKS1,M172D,0.798
Q9NXB0,MKS1,M172C,0.911
Q9NXB0,MKS1,M172A,0.978
Q9NXB0,MKS1,M172K,0.982
Q9NXB0,MKS1,E173P,0.824
Q9NXB0,MKS1,E173Q,1.038
Q9NXB0,MKS1,E173R,0.893
Q9NXB0,MKS1,E173Y,0.82
Q9NXB0,MKS1,E173V,0.885
Q9NXB0,MKS1,E173W,0.749
Q9NXB0,MKS1,E173N,0.896
Q9NXB0,MKS1,E173S,0.866
Q9NXB0,MKS1,E173M,0.854
Q9NXB0,MKS1,E173T,0.862
Q9NXB0,MKS1,E173K,0.982
Q9NXB0,MKS1,E173I,0.834
Q9NXB0,MKS1,E173H,0.892
Q9NXB0,MKS1,E173G,0.881
Q9NXB0,MKS1,E173F,0.754
Q9NXB0,MKS1,E173D,1.046
Q9NXB0,MKS1,E173C,0.741
Q9NXB0,MKS1,E173A,0.918
Q9NXB0,MKS1,E173L,0.794
Q9NXB0,MKS1,G174Q,0.889
Q9NXB0,MKS1,G174R,0.954
Q9NXB0,MKS1,G174S,1.037
Q9NXB0,MKS1,G174Y,0.815
Q9NXB0,MKS1,G174V,0.914
Q9NXB0,MKS1,G174W,0.893
Q9NXB0,MKS1,G174P,0.834
Q9NXB0,MKS1,G174T,0.899
Q9NXB0,MKS1,G174N,0.99
Q9NXB0,MKS1,G174I,0.832
Q9NXB0,MKS1,G174L,0.782
Q9NXB0,MKS1,G174K,0.885
Q9NXB0,MKS1,G174H,0.872
Q9NXB0,MKS1,G174F,0.845
Q9NXB0,MKS1,G174E,0.946
Q9NXB0,MKS1,G174D,0.966
Q9NXB0,MKS1,G174C,0.942
Q9NXB0,MKS1,G174A,1.043
Q9NXB0,MKS1,G174M,0.839
Q9NXB0,MKS1,G175S,1.051
Q9NXB0,MKS1,G175R,0.968
Q9NXB0,MKS1,G175T,0.913
Q9NXB0,MKS1,G175Q,0.904
Q9NXB0,MKS1,G175W,0.907
Q9NXB0,MKS1,G175Y,0.83
Q9NXB0,MKS1,G175P,0.848
Q9NXB0,MKS1,G175V,0.928
Q9NXB0,MKS1,G175N,1.004
Q9NXB0,MKS1,G175M,0.853
Q9NXB0,MKS1,G175L,0.796
Q9NXB0,MKS1,G175C,0.956
Q9NXB0,MKS1,G175D,0.98
Q9NXB0,MKS1,G175E,0.96
Q9NXB0,MKS1,G175A,1.058
Q9NXB0,MKS1,G175H,0.887
Q9NXB0,MKS1,G175I,0.846
Q9NXB0,MKS1,G175K,0.9
Q9NXB0,MKS1,G175F,0.859
Q9NXB0,MKS1,I176P,0.804
Q9NXB0,MKS1,I176Y,0.915
Q9NXB0,MKS1,I176W,0.812
Q9NXB0,MKS1,I176V,1.128
Q9NXB0,MKS1,I176T,0.993
Q9NXB0,MKS1,I176S,0.886
Q9NXB0,MKS1,I176R,0.866
Q9NXB0,MKS1,I176Q,0.823
Q9NXB0,MKS1,I176N,0.893
Q9NXB0,MKS1,I176M,1.06
Q9NXB0,MKS1,I176L,1.05
Q9NXB0,MKS1,I176C,0.916
Q9NXB0,MKS1,I176D,0.788
Q9NXB0,MKS1,I176E,0.818
Q9NXB0,MKS1,I176A,0.927
Q9NXB0,MKS1,I176G,0.764
Q9NXB0,MKS1,I176H,0.839
Q9NXB0,MKS1,I176K,0.867
Q9NXB0,MKS1,I176F,0.964
Q9NXB0,MKS1,L177P,0.9
Q9NXB0,MKS1,L177Y,0.909
Q9NXB0,MKS1,L177W,0.907
Q9NXB0,MKS1,L177V,1.01
Q9NXB0,MKS1,L177T,0.914
Q9NXB0,MKS1,L177S,0.897
Q9NXB0,MKS1,L177R,0.91
Q9NXB0,MKS1,L177Q,0.934
Q9NXB0,MKS1,L177N,0.832
Q9NXB0,MKS1,L177M,1.056
Q9NXB0,MKS1,L177K,0.864
Q9NXB0,MKS1,L177C,0.895
Q9NXB0,MKS1,L177D,0.767
Q9NXB0,MKS1,L177E,0.82
Q9NXB0,MKS1,L177A,0.9
Q9NXB0,MKS1,L177G,0.746
Q9NXB0,MKS1,L177H,0.895
Q9NXB0,MKS1,L177I,1.035
Q9NXB0,MKS1,L177F,0.989
Q9NXB0,MKS1,K178P,0.702
Q9NXB0,MKS1,K178Y,0.689
Q9NXB0,MKS1,K178W,0.714
Q9NXB0,MKS1,K178V,0.727
Q9NXB0,MKS1,K178T,0.785
Q9NXB0,MKS1,K178S,0.76
Q9NXB0,MKS1,K178R,0.894
Q9NXB0,MKS1,K178Q,0.847
Q9NXB0,MKS1,K178N,0.821
Q9NXB0,MKS1,K178M,0.798
Q9NXB0,MKS1,K178L,0.718
Q9NXB0,MKS1,K178C,0.673
Q9NXB0,MKS1,K178D,0.714
Q9NXB0,MKS1,K178E,0.826
Q9NXB0,MKS1,K178A,0.737
Q9NXB0,MKS1,K178G,0.685
Q9NXB0,MKS1,K178H,0.763
Q9NXB0,MKS1,K178I,0.73
Q9NXB0,MKS1,K178F,0.656
Q9NXB0,MKS1,S179N,0.958
Q9NXB0,MKS1,S179Y,0.842
Q9NXB0,MKS1,S179W,0.78
Q9NXB0,MKS1,S179V,0.814
Q9NXB0,MKS1,S179T,0.947
Q9NXB0,MKS1,S179R,0.852
Q9NXB0,MKS1,S179Q,0.846
Q9NXB0,MKS1,S179P,0.87
Q9NXB0,MKS1,S179M,0.852
Q9NXB0,MKS1,S179L,0.83
Q9NXB0,MKS1,S179K,0.848
Q9NXB0,MKS1,S179C,0.905
Q9NXB0,MKS1,S179D,0.844
Q9NXB0,MKS1,S179E,0.82
Q9NXB0,MKS1,S179A,0.946
Q9NXB0,MKS1,S179G,0.904
Q9NXB0,MKS1,S179H,0.837
Q9NXB0,MKS1,S179I,0.828
Q9NXB0,MKS1,S179F,0.847
Q9NXB0,MKS1,R180N,0.899
Q9NXB0,MKS1,R180Y,0.835
Q9NXB0,MKS1,R180W,0.881
Q9NXB0,MKS1,R180V,0.808
Q9NXB0,MKS1,R180T,0.879
Q9NXB0,MKS1,R180S,0.876
Q9NXB0,MKS1,R180Q,0.969
Q9NXB0,MKS1,R180P,0.825
Q9NXB0,MKS1,R180M,0.886
Q9NXB0,MKS1,R180L,0.853
Q9NXB0,MKS1,R180K,0.996
Q9NXB0,MKS1,R180C,0.885
Q9NXB0,MKS1,R180D,0.772
Q9NXB0,MKS1,R180E,0.855
Q9NXB0,MKS1,R180A,0.819
Q9NXB0,MKS1,R180G,0.861
Q9NXB0,MKS1,R180H,0.96
Q9NXB0,MKS1,R180I,0.823
Q9NXB0,MKS1,R180F,0.748
Q9NXB0,MKS1,I181P,0.674
Q9NXB0,MKS1,I181Y,0.763
Q9NXB0,MKS1,I181W,0.681
Q9NXB0,MKS1,I181V,0.933
Q9NXB0,MKS1,I181T,0.825
Q9NXB0,MKS1,I181S,0.74
Q9NXB0,MKS1,I181R,0.724
Q9NXB0,MKS1,I181Q,0.69
Q9NXB0,MKS1,I181N,0.745
Q9NXB0,MKS1,I181M,0.878
Q9NXB0,MKS1,I181L,0.871
Q9NXB0,MKS1,I181C,0.764
Q9NXB0,MKS1,I181D,0.661
Q9NXB0,MKS1,I181E,0.685
Q9NXB0,MKS1,I181A,0.772
Q9NXB0,MKS1,I181G,0.642
Q9NXB0,MKS1,I181H,0.702
Q9NXB0,MKS1,I181K,0.725
Q9NXB0,MKS1,I181F,0.802
Q9NXB0,MKS1,V182N,0.702
Q9NXB0,MKS1,V182Y,0.738
Q9NXB0,MKS1,V182W,0.68
Q9NXB0,MKS1,V182T,0.826
Q9NXB0,MKS1,V182S,0.728
Q9NXB0,MKS1,V182R,0.697
Q9NXB0,MKS1,V182Q,0.726
Q9NXB0,MKS1,V182P,0.702
Q9NXB0,MKS1,V182M,0.89
Q9NXB0,MKS1,V182L,0.852
Q9NXB0,MKS1,V182K,0.715
Q9NXB0,MKS1,V182C,0.779
Q9NXB0,MKS1,V182D,0.706
Q9NXB0,MKS1,V182E,0.758
Q9NXB0,MKS1,V182A,0.842
Q9NXB0,MKS1,V182G,0.728
Q9NXB0,MKS1,V182H,0.682
Q9NXB0,MKS1,V182I,0.971
Q9NXB0,MKS1,V182F,0.784
Q9NXB0,MKS1,T183M,0.836
Q9NXB0,MKS1,T183W,0.634
Q9NXB0,MKS1,T183V,0.816
Q9NXB0,MKS1,T183S,0.852
Q9NXB0,MKS1,T183R,0.764
Q9NXB0,MKS1,T183Q,0.748
Q9NXB0,MKS1,T183P,0.762
Q9NXB0,MKS1,T183N,0.822
Q9NXB0,MKS1,T183L,0.749
Q9NXB0,MKS1,T183Y,0.718
Q9NXB0,MKS1,T183I,0.824
Q9NXB0,MKS1,T183A,0.852
Q9NXB0,MKS1,T183C,0.77
Q9NXB0,MKS1,T183D,0.704
Q9NXB0,MKS1,T183K,0.775
Q9NXB0,MKS1,T183F,0.706
Q9NXB0,MKS1,T183G,0.712
Q9NXB0,MKS1,T183H,0.725
Q9NXB0,MKS1,T183E,0.723
Q9NXB0,MKS1,W184N,0.79
Q9NXB0,MKS1,W184Y,1.012
Q9NXB0,MKS1,W184V,0.827
Q9NXB0,MKS1,W184T,0.876
Q9NXB0,MKS1,W184S,0.868
Q9NXB0,MKS1,W184R,0.919
Q9NXB0,MKS1,W184Q,0.948
Q9NXB0,MKS1,W184P,0.792
Q9NXB0,MKS1,W184M,0.936
Q9NXB0,MKS1,W184L,0.89
Q9NXB0,MKS1,W184K,0.886
Q9NXB0,MKS1,W184C,0.887
Q9NXB0,MKS1,W184D,0.734
Q9NXB0,MKS1,W184E,0.88
Q9NXB0,MKS1,W184A,0.826
Q9NXB0,MKS1,W184G,0.885
Q9NXB0,MKS1,W184H,0.855
Q9NXB0,MKS1,W184I,0.806
Q9NXB0,MKS1,W184F,0.974
Q9NXB0,MKS1,E185P,0.891
Q9NXB0,MKS1,E185Y,0.876
Q9NXB0,MKS1,E185W,0.824
Q9NXB0,MKS1,E185V,0.922
Q9NXB0,MKS1,E185T,0.922
Q9NXB0,MKS1,E185S,0.921
Q9NXB0,MKS1,E185R,0.945
Q9NXB0,MKS1,E185Q,1.048
Q9NXB0,MKS1,E185N,0.95
Q9NXB0,MKS1,E185M,0.897
Q9NXB0,MKS1,E185L,0.86
Q9NXB0,MKS1,E185C,0.811
Q9NXB0,MKS1,E185D,1.06
Q9NXB0,MKS1,E185F,0.83
Q9NXB0,MKS1,E185A,0.951
Q9NXB0,MKS1,E185H,0.944
Q9NXB0,MKS1,E185I,0.882
Q9NXB0,MKS1,E185K,1.012
Q9NXB0,MKS1,E185G,0.921
Q9NXB0,MKS1,P186N,0.674
Q9NXB0,MKS1,P186Y,0.688
Q9NXB0,MKS1,P186W,0.574
Q9NXB0,MKS1,P186V,0.741
Q9NXB0,MKS1,P186T,0.776
Q9NXB0,MKS1,P186S,0.779
Q9NXB0,MKS1,P186R,0.71
Q9NXB0,MKS1,P186Q,0.78
Q9NXB0,MKS1,P186M,0.75
Q9NXB0,MKS1,P186L,0.778
Q9NXB0,MKS1,P186K,0.682
Q9NXB0,MKS1,P186C,0.675
Q9NXB0,MKS1,P186D,0.649
Q9NXB0,MKS1,P186E,0.697
Q9NXB0,MKS1,P186A,0.796
Q9NXB0,MKS1,P186G,0.66
Q9NXB0,MKS1,P186H,0.741
Q9NXB0,MKS1,P186I,0.71
Q9NXB0,MKS1,P186F,0.682
Q9NXB0,MKS1,S187M,0.73
Q9NXB0,MKS1,S187W,0.63
Q9NXB0,MKS1,S187V,0.703
Q9NXB0,MKS1,S187T,0.83
Q9NXB0,MKS1,S187R,0.712
Q9NXB0,MKS1,S187Q,0.713
Q9NXB0,MKS1,S187P,0.754
Q9NXB0,MKS1,S187N,0.844
Q9NXB0,MKS1,S187L,0.718
Q9NXB0,MKS1,S187Y,0.698
Q9NXB0,MKS1,S187I,0.7
Q9NXB0,MKS1,S187A,0.826
Q9NXB0,MKS1,S187C,0.752
Q9NXB0,MKS1,S187D,0.714
Q9NXB0,MKS1,S187K,0.723
Q9NXB0,MKS1,S187F,0.731
Q9NXB0,MKS1,S187G,0.79
Q9NXB0,MKS1,S187H,0.698
Q9NXB0,MKS1,S187E,0.68
Q9NXB0,MKS1,E188P,0.825
Q9NXB0,MKS1,E188Y,0.786
Q9NXB0,MKS1,E188W,0.723
Q9NXB0,MKS1,E188V,0.849
Q9NXB0,MKS1,E188T,0.854
Q9NXB0,MKS1,E188S,0.861
Q9NXB0,MKS1,E188R,0.871
Q9NXB0,MKS1,E188Q,0.998
Q9NXB0,MKS1,E188N,0.887
Q9NXB0,MKS1,E188M,0.816
Q9NXB0,MKS1,E188L,0.776
Q9NXB0,MKS1,E188C,0.716
Q9NXB0,MKS1,E188D,1.011
Q9NXB0,MKS1,E188F,0.738
Q9NXB0,MKS1,E188A,0.886
Q9NXB0,MKS1,E188H,0.876
Q9NXB0,MKS1,E188I,0.794
Q9NXB0,MKS1,E188K,0.957
Q9NXB0,MKS1,E188G,0.851
Q9NXB0,MKS1,E189N,0.862
Q9NXB0,MKS1,E189W,0.736
Q9NXB0,MKS1,E189V,0.87
Q9NXB0,MKS1,E189T,0.842
Q9NXB0,MKS1,E189S,0.836
Q9NXB0,MKS1,E189R,0.852
Q9NXB0,MKS1,E189Q,0.982
Q9NXB0,MKS1,E189P,0.806
Q9NXB0,MKS1,E189M,0.841
Q9NXB0,MKS1,E189Y,0.798
Q9NXB0,MKS1,E189K,0.936
Q9NXB0,MKS1,E189A,0.892
Q9NXB0,MKS1,E189C,0.746
Q9NXB0,MKS1,E189D,0.997
Q9NXB0,MKS1,E189L,0.798
Q9NXB0,MKS1,E189G,0.861
Q9NXB0,MKS1,E189H,0.856
Q9NXB0,MKS1,E189I,0.829
Q9NXB0,MKS1,E189F,0.752
Q9NXB0,MKS1,F190N,0.666
Q9NXB0,MKS1,F190W,0.802
Q9NXB0,MKS1,F190V,0.796
Q9NXB0,MKS1,F190T,0.706
Q9NXB0,MKS1,F190S,0.736
Q9NXB0,MKS1,F190R,0.65
Q9NXB0,MKS1,F190Q,0.637
Q9NXB0,MKS1,F190P,0.57
Q9NXB0,MKS1,F190M,0.807
Q9NXB0,MKS1,F190Y,0.916
Q9NXB0,MKS1,F190K,0.622
Q9NXB0,MKS1,F190A,0.702
Q9NXB0,MKS1,F190C,0.785
Q9NXB0,MKS1,F190D,0.613
Q9NXB0,MKS1,F190L,0.849
Q9NXB0,MKS1,F190G,0.632
Q9NXB0,MKS1,F190H,0.773
Q9NXB0,MKS1,F190I,0.828
Q9NXB0,MKS1,F190E,0.562
Q9NXB0,MKS1,V191M,0.903
Q9NXB0,MKS1,V191W,0.633
Q9NXB0,MKS1,V191T,0.83
Q9NXB0,MKS1,V191S,0.707
Q9NXB0,MKS1,V191R,0.624
Q9NXB0,MKS1,V191Q,0.692
Q9NXB0,MKS1,V191P,0.664
Q9NXB0,MKS1,V191N,0.651
Q9NXB0,MKS1,V191Y,0.71
Q9NXB0,MKS1,V191L,0.867
Q9NXB0,MKS1,V191I,0.946
Q9NXB0,MKS1,V191H,0.631
Q9NXB0,MKS1,V191G,0.706
Q9NXB0,MKS1,V191F,0.776
Q9NXB0,MKS1,V191E,0.702
Q9NXB0,MKS1,V191D,0.642
Q9NXB0,MKS1,V191C,0.797
Q9NXB0,MKS1,V191A,0.861
Q9NXB0,MKS1,V191K,0.666
Q9NXB0,MKS1,R192N,0.84
Q9NXB0,MKS1,R192P,0.767
Q9NXB0,MKS1,R192Q,0.924
Q9NXB0,MKS1,R192M,0.828
Q9NXB0,MKS1,R192T,0.82
Q9NXB0,MKS1,R192V,0.75
Q9NXB0,MKS1,R192W,0.817
Q9NXB0,MKS1,R192S,0.817
Q9NXB0,MKS1,R192L,0.795
Q9NXB0,MKS1,R192Y,0.777
Q9NXB0,MKS1,R192I,0.766
Q9NXB0,MKS1,R192A,0.762
Q9NXB0,MKS1,R192C,0.82
Q9NXB0,MKS1,R192D,0.714
Q9NXB0,MKS1,R192K,0.964
Q9NXB0,MKS1,R192F,0.69
Q9NXB0,MKS1,R192G,0.803
Q9NXB0,MKS1,R192H,0.904
Q9NXB0,MKS1,R192E,0.798
Q9NXB0,MKS1,N193Y,0.748
Q9NXB0,MKS1,N193W,0.619
Q9NXB0,MKS1,N193V,0.682
Q9NXB0,MKS1,N193T,0.811
Q9NXB0,MKS1,N193S,0.857
Q9NXB0,MKS1,N193R,0.764
Q9NXB0,MKS1,N193Q,0.772
Q9NXB0,MKS1,N193M,0.725
Q9NXB0,MKS1,N193L,0.654
Q9NXB0,MKS1,N193P,0.656
Q9NXB0,MKS1,N193I,0.712
Q9NXB0,MKS1,N193K,0.801
Q9NXB0,MKS1,N193C,0.704
Q9NXB0,MKS1,N193D,0.832
Q9NXB0,MKS1,N193E,0.736
Q9NXB0,MKS1,N193A,0.72
Q9NXB0,MKS1,N193G,0.761
Q9NXB0,MKS1,N193H,0.846
Q9NXB0,MKS1,N193F,0.678
Q9NXB0,MKS1,N194M,0.744
Q9NXB0,MKS1,N194Y,0.768
Q9NXB0,MKS1,N194W,0.646
Q9NXB0,MKS1,N194V,0.702
Q9NXB0,MKS1,N194T,0.83
Q9NXB0,MKS1,N194S,0.877
Q9NXB0,MKS1,N194R,0.784
Q9NXB0,MKS1,N194Q,0.791
Q9NXB0,MKS1,N194L,0.674
Q9NXB0,MKS1,N194P,0.676
Q9NXB0,MKS1,N194I,0.742
Q9NXB0,MKS1,N194C,0.734
Q9NXB0,MKS1,N194D,0.852
Q9NXB0,MKS1,N194E,0.755
Q9NXB0,MKS1,N194A,0.74
Q9NXB0,MKS1,N194G,0.78
Q9NXB0,MKS1,N194H,0.866
Q9NXB0,MKS1,N194F,0.698
Q9NXB0,MKS1,N194K,0.82
Q9NXB0,MKS1,H195Y,0.812
Q9NXB0,MKS1,H195N,0.776
Q9NXB0,MKS1,H195W,0.647
Q9NXB0,MKS1,H195V,0.581
Q9NXB0,MKS1,H195T,0.64
Q9NXB0,MKS1,H195S,0.664
Q9NXB0,MKS1,H195R,0.77
Q9NXB0,MKS1,H195Q,0.76
Q9NXB0,MKS1,H195P,0.652
Q9NXB0,MKS1,H195M,0.644
Q9NXB0,MKS1,H195K,0.678
Q9NXB0,MKS1,H195I,0.6
Q9NXB0,MKS1,H195G,0.613
Q9NXB0,MKS1,H195F,0.698
Q9NXB0,MKS1,H195E,0.683
Q9NXB0,MKS1,H195D,0.7
Q9NXB0,MKS1,H195C,0.631
Q9NXB0,MKS1,H195A,0.61
Q9NXB0,MKS1,H195L,0.624
Q9NXB0,MKS1,V196N,0.702
Q9NXB0,MKS1,V196P,0.703
Q9NXB0,MKS1,V196Q,0.728
Q9NXB0,MKS1,V196M,0.886
Q9NXB0,MKS1,V196S,0.729
Q9NXB0,MKS1,V196T,0.827
Q9NXB0,MKS1,V196W,0.682
Q9NXB0,MKS1,V196R,0.698
Q9NXB0,MKS1,V196L,0.854
Q9NXB0,MKS1,V196Y,0.738
Q9NXB0,MKS1,V196I,0.94
Q9NXB0,MKS1,V196A,0.844
Q9NXB0,MKS1,V196C,0.78
Q9NXB0,MKS1,V196D,0.708
Q9NXB0,MKS1,V196K,0.716
Q9NXB0,MKS1,V196F,0.786
Q9NXB0,MKS1,V196G,0.73
Q9NXB0,MKS1,V196H,0.684
Q9NXB0,MKS1,V196E,0.76
Q9NXB0,MKS1,I197P,0.696
Q9NXB0,MKS1,I197Y,0.784
Q9NXB0,MKS1,I197W,0.703
Q9NXB0,MKS1,I197V,0.955
Q9NXB0,MKS1,I197T,0.847
Q9NXB0,MKS1,I197S,0.762
Q9NXB0,MKS1,I197R,0.746
Q9NXB0,MKS1,I197Q,0.712
Q9NXB0,MKS1,I197N,0.767
Q9NXB0,MKS1,I197D,0.683
Q9NXB0,MKS1,I197L,0.893
Q9NXB0,MKS1,I197C,0.786
Q9NXB0,MKS1,I197M,0.9
Q9NXB0,MKS1,I197E,0.707
Q9NXB0,MKS1,I197A,0.794
Q9NXB0,MKS1,I197G,0.664
Q9NXB0,MKS1,I197H,0.725
Q9NXB0,MKS1,I197K,0.747
Q9NXB0,MKS1,I197F,0.824
Q9NXB0,MKS1,N198M,0.702
Q9NXB0,MKS1,N198W,0.603
Q9NXB0,MKS1,N198V,0.66
Q9NXB0,MKS1,N198T,0.788
Q9NXB0,MKS1,N198S,0.834
Q9NXB0,MKS1,N198R,0.74
Q9NXB0,MKS1,N198Q,0.748
Q9NXB0,MKS1,N198P,0.633
Q9NXB0,MKS1,N198L,0.632
Q9NXB0,MKS1,N198Y,0.725
Q9NXB0,MKS1,N198I,0.699
Q9NXB0,MKS1,N198A,0.697
Q9NXB0,MKS1,N198C,0.692
Q9NXB0,MKS1,N198D,0.809
Q9NXB0,MKS1,N198K,0.778
Q9NXB0,MKS1,N198F,0.655
Q9NXB0,MKS1,N198G,0.738
Q9NXB0,MKS1,N198H,0.824
Q9NXB0,MKS1,N198E,0.712
Q9NXB0,MKS1,T199N,0.816
Q9NXB0,MKS1,T199W,0.629
Q9NXB0,MKS1,T199V,0.81
Q9NXB0,MKS1,T199S,0.846
Q9NXB0,MKS1,T199R,0.758
Q9NXB0,MKS1,T199Q,0.742
Q9NXB0,MKS1,T199P,0.757
Q9NXB0,MKS1,T199M,0.83
Q9NXB0,MKS1,T199Y,0.712
Q9NXB0,MKS1,T199L,0.744
Q9NXB0,MKS1,T199A,0.846
Q9NXB0,MKS1,T199C,0.764
Q9NXB0,MKS1,T199D,0.698
Q9NXB0,MKS1,T199E,0.718
Q9NXB0,MKS1,T199K,0.77
Q9NXB0,MKS1,T199G,0.706
Q9NXB0,MKS1,T199H,0.719
Q9NXB0,MKS1,T199I,0.818
Q9NXB0,MKS1,T199F,0.7
Q9NXB0,MKS1,P200M,0.704
Q9NXB0,MKS1,P200W,0.556
Q9NXB0,MKS1,P200V,0.696
Q9NXB0,MKS1,P200T,0.764
Q9NXB0,MKS1,P200S,0.77
Q9NXB0,MKS1,P200R,0.7
Q9NXB0,MKS1,P200Q,0.77
Q9NXB0,MKS1,P200N,0.672
Q9NXB0,MKS1,P200Y,0.652
Q9NXB0,MKS1,P200K,0.69
Q9NXB0,MKS1,P200I,0.652
Q9NXB0,MKS1,P200H,0.714
Q9NXB0,MKS1,P200G,0.65
Q9NXB0,MKS1,P200F,0.615
Q9NXB0,MKS1,P200E,0.701
Q9NXB0,MKS1,P200D,0.66
Q9NXB0,MKS1,P200C,0.65
Q9NXB0,MKS1,P200A,0.778
Q9NXB0,MKS1,P200L,0.696
Q9NXB0,MKS1,L201P,0.856
Q9NXB0,MKS1,L201Q,0.88
Q9NXB0,MKS1,L201R,0.853
Q9NXB0,MKS1,L201N,0.79
Q9NXB0,MKS1,L201T,0.865
Q9NXB0,MKS1,L201V,0.976
Q9NXB0,MKS1,L201W,0.85
Q9NXB0,MKS1,L201S,0.852
Q9NXB0,MKS1,L201Y,0.861
Q9NXB0,MKS1,L201M,1.026
Q9NXB0,MKS1,L201I,1.003
Q9NXB0,MKS1,L201A,0.852
Q9NXB0,MKS1,L201C,0.85
Q9NXB0,MKS1,L201D,0.742
Q9NXB0,MKS1,L201K,0.806
Q9NXB0,MKS1,L201F,0.964
Q9NXB0,MKS1,L201G,0.728
Q9NXB0,MKS1,L201H,0.851
Q9NXB0,MKS1,L201E,0.782
Q9NXB0,MKS1,Q202N,0.784
Q9NXB0,MKS1,Q202Y,0.762
Q9NXB0,MKS1,Q202W,0.71
Q9NXB0,MKS1,Q202V,0.753
Q9NXB0,MKS1,Q202T,0.763
Q9NXB0,MKS1,Q202S,0.77
Q9NXB0,MKS1,Q202R,0.851
Q9NXB0,MKS1,Q202P,0.774
Q9NXB0,MKS1,Q202M,0.833
Q9NXB0,MKS1,Q202L,0.805
Q9NXB0,MKS1,Q202K,0.833
Q9NXB0,MKS1,Q202C,0.711
Q9NXB0,MKS1,Q202D,0.752
Q9NXB0,MKS1,Q202E,0.863
Q9NXB0,MKS1,Q202A,0.762
Q9NXB0,MKS1,Q202G,0.702
Q9NXB0,MKS1,Q202H,0.829
Q9NXB0,MKS1,Q202I,0.742
Q9NXB0,MKS1,Q202F,0.735
Q9NXB0,MKS1,T203N,0.688
Q9NXB0,MKS1,T203Y,0.659
Q9NXB0,MKS1,T203W,0.56
Q9NXB0,MKS1,T203V,0.784
Q9NXB0,MKS1,T203S,0.764
Q9NXB0,MKS1,T203R,0.626
Q9NXB0,MKS1,T203Q,0.622
Q9NXB0,MKS1,T203P,0.606
Q9NXB0,MKS1,T203M,0.771
Q9NXB0,MKS1,T203L,0.743
Q9NXB0,MKS1,T203K,0.624
Q9NXB0,MKS1,T203C,0.746
Q9NXB0,MKS1,T203D,0.582
Q9NXB0,MKS1,T203E,0.58
Q9NXB0,MKS1,T203A,0.776
Q9NXB0,MKS1,T203G,0.595
Q9NXB0,MKS1,T203H,0.599
Q9NXB0,MKS1,T203I,0.775
Q9NXB0,MKS1,T203F,0.688
Q9NXB0,MKS1,M204P,0.323
Q9NXB0,MKS1,M204Y,0.485
Q9NXB0,MKS1,M204W,0.48
Q9NXB0,MKS1,M204V,0.703
Q9NXB0,MKS1,M204T,0.53
Q9NXB0,MKS1,M204S,0.41
Q9NXB0,MKS1,M204R,0.402
Q9NXB0,MKS1,M204Q,0.484
Q9NXB0,MKS1,M204N,0.382
Q9NXB0,MKS1,M204L,0.757
Q9NXB0,MKS1,M204K,0.438
Q9NXB0,MKS1,M204C,0.53
Q9NXB0,MKS1,M204D,0.264
Q9NXB0,MKS1,M204E,0.358
Q9NXB0,MKS1,M204A,0.532
Q9NXB0,MKS1,M204G,0.402
Q9NXB0,MKS1,M204H,0.426
Q9NXB0,MKS1,M204I,0.702
Q9NXB0,MKS1,M204F,0.6
Q9NXB0,MKS1,H205N,0.725
Q9NXB0,MKS1,H205W,0.618
Q9NXB0,MKS1,H205V,0.594
Q9NXB0,MKS1,H205T,0.58
Q9NXB0,MKS1,H205S,0.605
Q9NXB0,MKS1,H205R,0.668
Q9NXB0,MKS1,H205Q,0.672
Q9NXB0,MKS1,H205P,0.578
Q9NXB0,MKS1,H205M,0.63
Q9NXB0,MKS1,H205Y,0.833
Q9NXB0,MKS1,H205K,0.566
Q9NXB0,MKS1,H205A,0.568
Q9NXB0,MKS1,H205C,0.614
Q9NXB0,MKS1,H205D,0.601
Q9NXB0,MKS1,H205L,0.667
Q9NXB0,MKS1,H205F,0.738
Q9NXB0,MKS1,H205G,0.538
Q9NXB0,MKS1,H205I,0.628
Q9NXB0,MKS1,H205E,0.631
Q9NXB0,MKS1,I206P,0.422
Q9NXB0,MKS1,I206Y,0.555
Q9NXB0,MKS1,I206W,0.466
Q9NXB0,MKS1,I206V,0.788
Q9NXB0,MKS1,I206T,0.564
Q9NXB0,MKS1,I206S,0.473
Q9NXB0,MKS1,I206R,0.423
Q9NXB0,MKS1,I206Q,0.408
Q9NXB0,MKS1,I206N,0.45
Q9NXB0,MKS1,I206M,0.702
Q9NXB0,MKS1,I206L,0.758
Q9NXB0,MKS1,I206C,0.564
Q9NXB0,MKS1,I206D,0.376
Q9NXB0,MKS1,I206E,0.398
Q9NXB0,MKS1,I206A,0.54
Q9NXB0,MKS1,I206G,0.386
Q9NXB0,MKS1,I206H,0.428
Q9NXB0,MKS1,I206K,0.406
Q9NXB0,MKS1,I206F,0.665
Q9NXB0,MKS1,M207N,0.24
Q9NXB0,MKS1,M207W,0.328
Q9NXB0,MKS1,M207V,0.57
Q9NXB0,MKS1,M207T,0.389
Q9NXB0,MKS1,M207S,0.276
Q9NXB0,MKS1,M207R,0.265
Q9NXB0,MKS1,M207Q,0.34
Q9NXB0,MKS1,M207P,0.202
Q9NXB0,MKS1,M207L,0.623
Q9NXB0,MKS1,M207Y,0.332
Q9NXB0,MKS1,M207I,0.554
Q9NXB0,MKS1,M207A,0.399
Q9NXB0,MKS1,M207C,0.394
Q9NXB0,MKS1,M207D,0.132
Q9NXB0,MKS1,M207K,0.302
Q9NXB0,MKS1,M207F,0.454
Q9NXB0,MKS1,M207G,0.273
Q9NXB0,MKS1,M207H,0.284
Q9NXB0,MKS1,M207E,0.215
Q9NXB0,MKS1,A208N,0.535
Q9NXB0,MKS1,A208W,0.492
Q9NXB0,MKS1,A208V,0.769
Q9NXB0,MKS1,A208T,0.712
Q9NXB0,MKS1,A208S,0.728
Q9NXB0,MKS1,A208R,0.536
Q9NXB0,MKS1,A208Q,0.554
Q9NXB0,MKS1,A208P,0.578
Q9NXB0,MKS1,A208M,0.701
Q9NXB0,MKS1,A208Y,0.577
Q9NXB0,MKS1,A208K,0.52
Q9NXB0,MKS1,A208C,0.746
Q9NXB0,MKS1,A208D,0.506
Q9NXB0,MKS1,A208E,0.55
Q9NXB0,MKS1,A208L,0.7
Q9NXB0,MKS1,A208G,0.714
Q9NXB0,MKS1,A208H,0.54
Q9NXB0,MKS1,A208I,0.704
Q9NXB0,MKS1,A208F,0.623
Q9NXB0,MKS1,D209N,0.729
Q9NXB0,MKS1,D209W,0.5
Q9NXB0,MKS1,D209V,0.619
Q9NXB0,MKS1,D209T,0.609
Q9NXB0,MKS1,D209S,0.631
Q9NXB0,MKS1,D209R,0.537
Q9NXB0,MKS1,D209Q,0.647
Q9NXB0,MKS1,D209P,0.475
Q9NXB0,MKS1,D209Y,0.599
Q9NXB0,MKS1,D209M,0.56
Q9NXB0,MKS1,D209K,0.574
Q9NXB0,MKS1,D209I,0.601
Q9NXB0,MKS1,D209H,0.679
Q9NXB0,MKS1,D209G,0.611
Q9NXB0,MKS1,D209F,0.601
Q9NXB0,MKS1,D209E,0.733
Q9NXB0,MKS1,D209C,0.622
Q9NXB0,MKS1,D209A,0.618
Q9NXB0,MKS1,D209L,0.548
Q9NXB0,MKS1,L210P,0.406
Q9NXB0,MKS1,L210Q,0.456
Q9NXB0,MKS1,L210R,0.444
Q9NXB0,MKS1,L210N,0.4
Q9NXB0,MKS1,L210T,0.509
Q9NXB0,MKS1,L210V,0.699
Q9NXB0,MKS1,L210W,0.529
Q9NXB0,MKS1,L210S,0.452
Q9NXB0,MKS1,L210Y,0.527
Q9NXB0,MKS1,L210M,0.746
Q9NXB0,MKS1,L210I,0.74
Q9NXB0,MKS1,L210A,0.526
Q9NXB0,MKS1,L210C,0.582
Q9NXB0,MKS1,L210D,0.295
Q9NXB0,MKS1,L210K,0.414
Q9NXB0,MKS1,L210F,0.674
Q9NXB0,MKS1,L210G,0.355
Q9NXB0,MKS1,L210H,0.424
Q9NXB0,MKS1,L210E,0.346
Q9NXB0,MKS1,G211Y,0.614
Q9NXB0,MKS1,G211W,0.684
Q9NXB0,MKS1,G211V,0.728
Q9NXB0,MKS1,G211T,0.678
Q9NXB0,MKS1,G211S,0.788
Q9NXB0,MKS1,G211R,0.714
Q9NXB0,MKS1,G211Q,0.655
Q9NXB0,MKS1,G211N,0.742
Q9NXB0,MKS1,G211M,0.644
Q9NXB0,MKS1,G211P,0.615
Q9NXB0,MKS1,G211K,0.644
Q9NXB0,MKS1,G211L,0.624
Q9NXB0,MKS1,G211C,0.72
Q9NXB0,MKS1,G211D,0.724
Q9NXB0,MKS1,G211E,0.707
Q9NXB0,MKS1,G211A,0.786
Q9NXB0,MKS1,G211H,0.65
Q9NXB0,MKS1,G211I,0.651
Q9NXB0,MKS1,G211F,0.672
Q9NXB0,MKS1,P212N,0.712
Q9NXB0,MKS1,P212Y,0.71
Q9NXB0,MKS1,P212W,0.592
Q9NXB0,MKS1,P212V,0.763
Q9NXB0,MKS1,P212T,0.818
Q9NXB0,MKS1,P212S,0.824
Q9NXB0,MKS1,P212R,0.745
Q9NXB0,MKS1,P212Q,0.825
Q9NXB0,MKS1,P212M,0.772
Q9NXB0,MKS1,P212D,0.69
Q9NXB0,MKS1,P212K,0.724
Q9NXB0,MKS1,P212L,0.794
Q9NXB0,MKS1,P212C,0.703
Q9NXB0,MKS1,P212E,0.736
Q9NXB0,MKS1,P212A,0.831
Q9NXB0,MKS1,P212G,0.699
Q9NXB0,MKS1,P212H,0.777
Q9NXB0,MKS1,P212I,0.726
Q9NXB0,MKS1,P212F,0.686
Q9NXB0,MKS1,Y213N,0.858
Q9NXB0,MKS1,Y213W,0.913
Q9NXB0,MKS1,Y213V,0.829
Q9NXB0,MKS1,Y213T,0.821
Q9NXB0,MKS1,Y213S,0.844
Q9NXB0,MKS1,Y213R,0.838
Q9NXB0,MKS1,Y213Q,0.881
Q9NXB0,MKS1,Y213P,0.772
Q9NXB0,MKS1,Y213M,0.848
Q9NXB0,MKS1,Y213D,0.805
Q9NXB0,MKS1,Y213K,0.802
Q9NXB0,MKS1,Y213C,0.897
Q9NXB0,MKS1,Y213E,0.8
Q9NXB0,MKS1,Y213F,1.022
Q9NXB0,MKS1,Y213A,0.81
Q9NXB0,MKS1,Y213H,0.992
Q9NXB0,MKS1,Y213I,0.834
Q9NXB0,MKS1,Y213G,0.764
Q9NXB0,MKS1,Y213L,0.86
Q9NXB0,MKS1,K214Y,0.742
Q9NXB0,MKS1,K214N,0.874
Q9NXB0,MKS1,K214W,0.768
Q9NXB0,MKS1,K214V,0.781
Q9NXB0,MKS1,K214T,0.838
Q9NXB0,MKS1,K214S,0.814
Q9NXB0,MKS1,K214R,0.977
Q9NXB0,MKS1,K214Q,0.914
Q9NXB0,MKS1,K214P,0.756
Q9NXB0,MKS1,K214M,0.851
Q9NXB0,MKS1,K214I,0.783
Q9NXB0,MKS1,K214H,0.816
Q9NXB0,MKS1,K214G,0.738
Q9NXB0,MKS1,K214F,0.71
Q9NXB0,MKS1,K214E,0.888
Q9NXB0,MKS1,K214D,0.767
Q9NXB0,MKS1,K214C,0.726
Q9NXB0,MKS1,K214A,0.79
Q9NXB0,MKS1,K214L,0.772
Q9NXB0,MKS1,K215Q,0.839
Q9NXB0,MKS1,K215R,0.885
Q9NXB0,MKS1,K215S,0.751
Q9NXB0,MKS1,K215P,0.693
Q9NXB0,MKS1,K215V,0.719
Q9NXB0,MKS1,K215W,0.69
Q9NXB0,MKS1,K215Y,0.68
Q9NXB0,MKS1,K215T,0.776
Q9NXB0,MKS1,K215N,0.812
Q9NXB0,MKS1,K215D,0.706
Q9NXB0,MKS1,K215L,0.71
Q9NXB0,MKS1,K215A,0.728
Q9NXB0,MKS1,K215C,0.662
Q9NXB0,MKS1,K215E,0.818
Q9NXB0,MKS1,K215M,0.789
Q9NXB0,MKS1,K215G,0.676
Q9NXB0,MKS1,K215H,0.754
Q9NXB0,MKS1,K215I,0.7
Q9NXB0,MKS1,K215F,0.648
Q9NXB0,MKS1,L216Y,0.716
Q9NXB0,MKS1,L216W,0.719
Q9NXB0,MKS1,L216V,0.855
Q9NXB0,MKS1,L216T,0.732
Q9NXB0,MKS1,L216S,0.716
Q9NXB0,MKS1,L216R,0.704
Q9NXB0,MKS1,L216Q,0.738
Q9NXB0,MKS1,L216N,0.638
Q9NXB0,MKS1,L216P,0.727
Q9NXB0,MKS1,L216M,0.906
Q9NXB0,MKS1,L216I,0.874
Q9NXB0,MKS1,L216H,0.706
Q9NXB0,MKS1,L216G,0.576
Q9NXB0,MKS1,L216F,0.825
Q9NXB0,MKS1,L216E,0.626
Q9NXB0,MKS1,L216D,0.583
Q9NXB0,MKS1,L216C,0.708
Q9NXB0,MKS1,L216A,0.72
Q9NXB0,MKS1,L216K,0.66
Q9NXB0,MKS1,G217P,0.596
Q9NXB0,MKS1,G217Q,0.626
Q9NXB0,MKS1,G217R,0.662
Q9NXB0,MKS1,G217N,0.729
Q9NXB0,MKS1,G217T,0.632
Q9NXB0,MKS1,G217V,0.616
Q9NXB0,MKS1,G217W,0.628
Q9NXB0,MKS1,G217S,0.754
Q9NXB0,MKS1,G217Y,0.562
Q9NXB0,MKS1,G217M,0.575
Q9NXB0,MKS1,G217K,0.624
Q9NXB0,MKS1,G217A,0.758
Q9NXB0,MKS1,G217C,0.633
Q9NXB0,MKS1,G217D,0.692
Q9NXB0,MKS1,G217L,0.521
Q9NXB0,MKS1,G217F,0.578
Q9NXB0,MKS1,G217H,0.617
Q9NXB0,MKS1,G217I,0.548
Q9NXB0,MKS1,G217E,0.658
Q9NXB0,MKS1,Y218M,1.016
Q9NXB0,MKS1,Y218V,0.994
Q9NXB0,MKS1,Y218T,1.0
Q9NXB0,MKS1,Y218S,1.018
Q9NXB0,MKS1,Y218R,0.976
Q9NXB0,MKS1,Y218Q,1.046
Q9NXB0,MKS1,Y218P,0.951
Q9NXB0,MKS1,Y218N,1.011
Q9NXB0,MKS1,Y218W,1.054
Q9NXB0,MKS1,Y218L,1.011
Q9NXB0,MKS1,Y218I,0.989
Q9NXB0,MKS1,Y218H,1.172
Q9NXB0,MKS1,Y218G,0.92
Q9NXB0,MKS1,Y218F,1.188
Q9NXB0,MKS1,Y218E,0.967
Q9NXB0,MKS1,Y218D,0.978
Q9NXB0,MKS1,Y218C,1.05
Q9NXB0,MKS1,Y218A,0.989
Q9NXB0,MKS1,Y218K,0.966
Q9NXB0,MKS1,K219Q,1.011
Q9NXB0,MKS1,K219R,1.057
Q9NXB0,MKS1,K219S,0.938
Q9NXB0,MKS1,K219P,0.875
Q9NXB0,MKS1,K219V,0.918
Q9NXB0,MKS1,K219W,0.876
Q9NXB0,MKS1,K219Y,0.868
Q9NXB0,MKS1,K219T,0.952
Q9NXB0,MKS1,K219N,0.984
Q9NXB0,MKS1,K219D,0.88
Q9NXB0,MKS1,K219L,0.924
Q9NXB0,MKS1,K219A,0.922
Q9NXB0,MKS1,K219C,0.842
Q9NXB0,MKS1,K219E,0.994
Q9NXB0,MKS1,K219M,0.984
Q9NXB0,MKS1,K219G,0.863
Q9NXB0,MKS1,K219H,0.94
Q9NXB0,MKS1,K219I,0.916
Q9NXB0,MKS1,K219F,0.852
Q9NXB0,MKS1,K220Y,0.943
Q9NXB0,MKS1,K220W,0.935
Q9NXB0,MKS1,K220V,0.98
Q9NXB0,MKS1,K220T,1.046
Q9NXB0,MKS1,K220S,1.05
Q9NXB0,MKS1,K220R,1.168
Q9NXB0,MKS1,K220Q,1.122
Q9NXB0,MKS1,K220N,1.092
Q9NXB0,MKS1,K220M,1.052
Q9NXB0,MKS1,K220P,0.982
Q9NXB0,MKS1,K220I,0.969
Q9NXB0,MKS1,K220H,1.025
Q9NXB0,MKS1,K220G,0.962
Q9NXB0,MKS1,K220F,0.909
Q9NXB0,MKS1,K220E,1.114
Q9NXB0,MKS1,K220D,0.993
Q9NXB0,MKS1,K220C,0.9
Q9NXB0,MKS1,K220A,1.012
Q9NXB0,MKS1,K220L,0.97
Q9NXB0,MKS1,Y221P,0.756
Q9NXB0,MKS1,Y221Q,0.828
Q9NXB0,MKS1,Y221R,0.75
Q9NXB0,MKS1,Y221W,0.852
Q9NXB0,MKS1,Y221T,0.79
Q9NXB0,MKS1,Y221V,0.8
Q9NXB0,MKS1,Y221S,0.805
Q9NXB0,MKS1,Y221M,0.821
Q9NXB0,MKS1,Y221N,0.794
Q9NXB0,MKS1,Y221L,0.825
Q9NXB0,MKS1,Y221A,0.786
Q9NXB0,MKS1,Y221C,0.838
Q9NXB0,MKS1,Y221D,0.76
Q9NXB0,MKS1,Y221E,0.762
Q9NXB0,MKS1,Y221K,0.753
Q9NXB0,MKS1,Y221G,0.714
Q9NXB0,MKS1,Y221H,0.959
Q9NXB0,MKS1,Y221I,0.798
Q9NXB0,MKS1,Y221F,0.998
Q9NXB0,MKS1,E222N,0.724
Q9NXB0,MKS1,E222W,0.591
Q9NXB0,MKS1,E222V,0.737
Q9NXB0,MKS1,E222T,0.702
Q9NXB0,MKS1,E222S,0.712
Q9NXB0,MKS1,E222R,0.706
Q9NXB0,MKS1,E222Q,0.833
Q9NXB0,MKS1,E222P,0.678
Q9NXB0,MKS1,E222Y,0.656
Q9NXB0,MKS1,E222L,0.687
Q9NXB0,MKS1,E222K,0.776
Q9NXB0,MKS1,E222I,0.684
Q9NXB0,MKS1,E222H,0.728
Q9NXB0,MKS1,E222G,0.698
Q9NXB0,MKS1,E222F,0.633
Q9NXB0,MKS1,E222D,0.841
Q9NXB0,MKS1,E222C,0.592
Q9NXB0,MKS1,E222A,0.74
Q9NXB0,MKS1,E222M,0.703
Q9NXB0,MKS1,H223P,0.792
Q9NXB0,MKS1,H223Q,0.891
Q9NXB0,MKS1,H223R,0.894
Q9NXB0,MKS1,H223Y,0.946
Q9NXB0,MKS1,H223T,0.775
Q9NXB0,MKS1,H223V,0.742
Q9NXB0,MKS1,H223W,0.787
Q9NXB0,MKS1,H223S,0.804
Q9NXB0,MKS1,H223N,0.91
Q9NXB0,MKS1,H223M,0.806
Q9NXB0,MKS1,H223K,0.808
Q9NXB0,MKS1,H223A,0.764
Q9NXB0,MKS1,H223C,0.801
Q9NXB0,MKS1,H223D,0.826
Q9NXB0,MKS1,H223L,0.798
Q9NXB0,MKS1,H223F,0.842
Q9NXB0,MKS1,H223G,0.767
Q9NXB0,MKS1,H223I,0.753
Q9NXB0,MKS1,H223E,0.819
Q9NXB0,MKS1,V224Y,0.701
Q9NXB0,MKS1,V224W,0.629
Q9NXB0,MKS1,V224T,0.794
Q9NXB0,MKS1,V224S,0.688
Q9NXB0,MKS1,V224R,0.648
Q9NXB0,MKS1,V224Q,0.674
Q9NXB0,MKS1,V224P,0.687
Q9NXB0,MKS1,V224M,0.842
Q9NXB0,MKS1,V224N,0.654
Q9NXB0,MKS1,V224L,0.835
Q9NXB0,MKS1,V224I,0.914
Q9NXB0,MKS1,V224H,0.641
Q9NXB0,MKS1,V224G,0.688
Q9NXB0,MKS1,V224F,0.763
Q9NXB0,MKS1,V224E,0.718
Q9NXB0,MKS1,V224D,0.666
Q9NXB0,MKS1,V224C,0.7
Q9NXB0,MKS1,V224A,0.782
Q9NXB0,MKS1,V224K,0.676
Q9NXB0,MKS1,L225P,0.396
Q9NXB0,MKS1,L225Q,0.464
Q9NXB0,MKS1,L225R,0.446
Q9NXB0,MKS1,L225N,0.402
Q9NXB0,MKS1,L225T,0.517
Q9NXB0,MKS1,L225V,0.714
Q9NXB0,MKS1,L225W,0.53
Q9NXB0,MKS1,L225S,0.458
Q9NXB0,MKS1,L225Y,0.536
Q9NXB0,MKS1,L225M,0.757
Q9NXB0,MKS1,L225I,0.756
Q9NXB0,MKS1,L225A,0.538
Q9NXB0,MKS1,L225C,0.591
Q9NXB0,MKS1,L225D,0.286
Q9NXB0,MKS1,L225K,0.424
Q9NXB0,MKS1,L225F,0.688
Q9NXB0,MKS1,L225G,0.362
Q9NXB0,MKS1,L225H,0.416
Q9NXB0,MKS1,L225E,0.347
Q9NXB0,MKS1,C226N,0.48
Q9NXB0,MKS1,C226W,0.564
Q9NXB0,MKS1,C226V,0.658
Q9NXB0,MKS1,C226T,0.578
Q9NXB0,MKS1,C226S,0.603
Q9NXB0,MKS1,C226R,0.466
Q9NXB0,MKS1,C226Q,0.464
Q9NXB0,MKS1,C226P,0.378
Q9NXB0,MKS1,C226Y,0.562
Q9NXB0,MKS1,C226M,0.672
Q9NXB0,MKS1,C226K,0.389
Q9NXB0,MKS1,C226I,0.647
Q9NXB0,MKS1,C226H,0.484
Q9NXB0,MKS1,C226G,0.512
Q9NXB0,MKS1,C226F,0.63
Q9NXB0,MKS1,C226E,0.322
Q9NXB0,MKS1,C226D,0.446
Q9NXB0,MKS1,C226A,0.657
Q9NXB0,MKS1,C226L,0.662
Q9NXB0,MKS1,T227N,0.646
Q9NXB0,MKS1,T227P,0.561
Q9NXB0,MKS1,T227Q,0.576
Q9NXB0,MKS1,T227M,0.729
Q9NXB0,MKS1,T227S,0.721
Q9NXB0,MKS1,T227V,0.744
Q9NXB0,MKS1,T227W,0.486
Q9NXB0,MKS1,T227R,0.56
Q9NXB0,MKS1,T227L,0.703
Q9NXB0,MKS1,T227Y,0.601
Q9NXB0,MKS1,T227I,0.73
Q9NXB0,MKS1,T227A,0.735
Q9NXB0,MKS1,T227C,0.705
Q9NXB0,MKS1,T227D,0.542
Q9NXB0,MKS1,T227K,0.575
Q9NXB0,MKS1,T227F,0.632
Q9NXB0,MKS1,T227G,0.556
Q9NXB0,MKS1,T227H,0.526
Q9NXB0,MKS1,T227E,0.531
Q9NXB0,MKS1,L228P,0.633
Q9NXB0,MKS1,L228Y,0.672
Q9NXB0,MKS1,L228W,0.655
Q9NXB0,MKS1,L228V,0.812
Q9NXB0,MKS1,L228T,0.649
Q9NXB0,MKS1,L228S,0.616
Q9NXB0,MKS1,L228R,0.606
Q9NXB0,MKS1,L228Q,0.637
Q9NXB0,MKS1,L228N,0.535
Q9NXB0,MKS1,L228D,0.489
Q9NXB0,MKS1,L228K,0.558
Q9NXB0,MKS1,L228C,0.66
Q9NXB0,MKS1,L228M,0.862
Q9NXB0,MKS1,L228E,0.54
Q9NXB0,MKS1,L228A,0.66
Q9NXB0,MKS1,L228G,0.505
Q9NXB0,MKS1,L228H,0.619
Q9NXB0,MKS1,L228I,0.853
Q9NXB0,MKS1,L228F,0.802
Q9NXB0,MKS1,K229P,0.51
Q9NXB0,MKS1,K229Y,0.657
Q9NXB0,MKS1,K229W,0.707
Q9NXB0,MKS1,K229V,0.708
Q9NXB0,MKS1,K229T,0.704
Q9NXB0,MKS1,K229S,0.646
Q9NXB0,MKS1,K229R,0.847
Q9NXB0,MKS1,K229Q,0.788
Q9NXB0,MKS1,K229N,0.72
Q9NXB0,MKS1,K229M,0.752
Q9NXB0,MKS1,K229L,0.72
Q9NXB0,MKS1,K229C,0.702
Q9NXB0,MKS1,K229D,0.573
Q9NXB0,MKS1,K229E,0.713
Q9NXB0,MKS1,K229A,0.67
Q9NXB0,MKS1,K229G,0.544
Q9NXB0,MKS1,K229H,0.687
Q9NXB0,MKS1,K229I,0.685
Q9NXB0,MKS1,K229F,0.632
Q9NXB0,MKS1,V230N,0.523
Q9NXB0,MKS1,V230Y,0.642
Q9NXB0,MKS1,V230W,0.582
Q9NXB0,MKS1,V230T,0.708
Q9NXB0,MKS1,V230S,0.58
Q9NXB0,MKS1,V230R,0.518
Q9NXB0,MKS1,V230Q,0.57
Q9NXB0,MKS1,V230P,0.54
Q9NXB0,MKS1,V230M,0.838
Q9NXB0,MKS1,V230L,0.838
Q9NXB0,MKS1,V230K,0.526
Q9NXB0,MKS1,V230C,0.729
Q9NXB0,MKS1,V230D,0.506
Q9NXB0,MKS1,V230E,0.558
Q9NXB0,MKS1,V230A,0.756
Q9NXB0,MKS1,V230G,0.574
Q9NXB0,MKS1,V230H,0.537
Q9NXB0,MKS1,V230I,0.92
Q9NXB0,MKS1,V230F,0.73
Q9NXB0,MKS1,D231P,0.665
Q9NXB0,MKS1,D231Y,0.718
Q9NXB0,MKS1,D231W,0.599
Q9NXB0,MKS1,D231V,0.718
Q9NXB0,MKS1,D231T,0.72
Q9NXB0,MKS1,D231S,0.752
Q9NXB0,MKS1,D231R,0.656
Q9NXB0,MKS1,D231Q,0.738
Q9NXB0,MKS1,D231N,0.821
Q9NXB0,MKS1,D231M,0.701
Q9NXB0,MKS1,D231L,0.673
Q9NXB0,MKS1,D231C,0.678
Q9NXB0,MKS1,D231E,0.852
Q9NXB0,MKS1,D231F,0.72
Q9NXB0,MKS1,D231A,0.727
Q9NXB0,MKS1,D231H,0.742
Q9NXB0,MKS1,D231I,0.706
Q9NXB0,MKS1,D231K,0.694
Q9NXB0,MKS1,D231G,0.76
Q9NXB0,MKS1,S232N,1.07
Q9NXB0,MKS1,S232Y,0.944
Q9NXB0,MKS1,S232W,0.861
Q9NXB0,MKS1,S232V,0.929
Q9NXB0,MKS1,S232T,1.052
Q9NXB0,MKS1,S232R,0.97
Q9NXB0,MKS1,S232Q,0.961
Q9NXB0,MKS1,S232P,0.988
Q9NXB0,MKS1,S232M,0.956
Q9NXB0,MKS1,S232K,0.966
Q9NXB0,MKS1,S232L,0.938
Q9NXB0,MKS1,S232I,0.934
Q9NXB0,MKS1,S232H,0.952
Q9NXB0,MKS1,S232G,1.015
Q9NXB0,MKS1,S232F,0.956
Q9NXB0,MKS1,S232E,0.93
Q9NXB0,MKS1,S232D,0.96
Q9NXB0,MKS1,S232C,0.984
Q9NXB0,MKS1,S232A,1.046
Q9NXB0,MKS1,N233P,0.764
Q9NXB0,MKS1,N233Q,0.875
Q9NXB0,MKS1,N233R,0.871
Q9NXB0,MKS1,N233S,0.946
Q9NXB0,MKS1,N233L,0.761
Q9NXB0,MKS1,N233V,0.775
Q9NXB0,MKS1,N233W,0.722
Q9NXB0,MKS1,N233M,0.813
Q9NXB0,MKS1,N233T,0.905
Q9NXB0,MKS1,N233Y,0.835
Q9NXB0,MKS1,N233H,0.938
Q9NXB0,MKS1,N233I,0.805
Q9NXB0,MKS1,N233G,0.872
Q9NXB0,MKS1,N233F,0.788
Q9NXB0,MKS1,N233E,0.84
Q9NXB0,MKS1,N233D,0.928
Q9NXB0,MKS1,N233C,0.79
Q9NXB0,MKS1,N233A,0.816
Q9NXB0,MKS1,N233K,0.895
Q9NXB0,MKS1,G234R,0.722
Q9NXB0,MKS1,G234P,0.658
Q9NXB0,MKS1,G234Q,0.692
Q9NXB0,MKS1,G234S,0.816
Q9NXB0,MKS1,G234L,0.668
Q9NXB0,MKS1,G234V,0.747
Q9NXB0,MKS1,G234W,0.738
Q9NXB0,MKS1,G234Y,0.668
Q9NXB0,MKS1,G234T,0.716
Q9NXB0,MKS1,G234N,0.792
Q9NXB0,MKS1,G234I,0.676
Q9NXB0,MKS1,G234K,0.676
Q9NXB0,MKS1,G234M,0.673
Q9NXB0,MKS1,G234H,0.698
Q9NXB0,MKS1,G234F,0.731
Q9NXB0,MKS1,G234E,0.718
Q9NXB0,MKS1,G234D,0.76
Q9NXB0,MKS1,G234C,0.736
Q9NXB0,MKS1,G234A,0.812
Q9NXB0,MKS1,V235P,0.686
Q9NXB0,MKS1,V235Q,0.668
Q9NXB0,MKS1,V235R,0.644
Q9NXB0,MKS1,V235W,0.629
Q9NXB0,MKS1,V235T,0.791
Q9NXB0,MKS1,V235N,0.65
Q9NXB0,MKS1,V235Y,0.693
Q9NXB0,MKS1,V235S,0.685
Q9NXB0,MKS1,V235M,0.832
Q9NXB0,MKS1,V235H,0.633
Q9NXB0,MKS1,V235K,0.674
Q9NXB0,MKS1,V235I,0.904
Q9NXB0,MKS1,V235G,0.686
Q9NXB0,MKS1,V235F,0.75
Q9NXB0,MKS1,V235E,0.713
Q9NXB0,MKS1,V235D,0.662
Q9NXB0,MKS1,V235C,0.692
Q9NXB0,MKS1,V235A,0.778
Q9NXB0,MKS1,V235L,0.828
Q9NXB0,MKS1,I236R,0.602
Q9NXB0,MKS1,I236Q,0.582
Q9NXB0,MKS1,I236S,0.65
Q9NXB0,MKS1,I236P,0.594
Q9NXB0,MKS1,I236V,0.933
Q9NXB0,MKS1,I236W,0.615
Q9NXB0,MKS1,I236T,0.736
Q9NXB0,MKS1,I236N,0.631
Q9NXB0,MKS1,I236Y,0.712
Q9NXB0,MKS1,I236M,0.846
Q9NXB0,MKS1,I236A,0.704
Q9NXB0,MKS1,I236C,0.712
Q9NXB0,MKS1,I236D,0.561
Q9NXB0,MKS1,I236E,0.578
Q9NXB0,MKS1,I236L,0.892
Q9NXB0,MKS1,I236G,0.56
Q9NXB0,MKS1,I236H,0.594
Q9NXB0,MKS1,I236K,0.591
Q9NXB0,MKS1,I236F,0.8
Q9NXB0,MKS1,T237N,0.756
Q9NXB0,MKS1,T237Y,0.698
Q9NXB0,MKS1,T237W,0.598
Q9NXB0,MKS1,T237V,0.835
Q9NXB0,MKS1,T237S,0.83
Q9NXB0,MKS1,T237R,0.681
Q9NXB0,MKS1,T237Q,0.688
Q9NXB0,MKS1,T237P,0.669
Q9NXB0,MKS1,T237M,0.82
Q9NXB0,MKS1,T237K,0.701
Q9NXB0,MKS1,T237A,0.839
Q9NXB0,MKS1,T237I,0.817
Q9NXB0,MKS1,T237H,0.633
Q9NXB0,MKS1,T237G,0.661
Q9NXB0,MKS1,T237F,0.714
Q9NXB0,MKS1,T237E,0.636
Q9NXB0,MKS1,T237D,0.645
Q9NXB0,MKS1,T237C,0.798
Q9NXB0,MKS1,T237L,0.784
Q9NXB0,MKS1,V238P,0.48
Q9NXB0,MKS1,V238Q,0.512
Q9NXB0,MKS1,V238R,0.443
Q9NXB0,MKS1,V238N,0.458
Q9NXB0,MKS1,V238T,0.65
Q9NXB0,MKS1,V238W,0.518
Q9NXB0,MKS1,V238Y,0.584
Q9NXB0,MKS1,V238S,0.524
Q9NXB0,MKS1,V238M,0.79
Q9NXB0,MKS1,V238K,0.466
Q9NXB0,MKS1,V238L,0.794
Q9NXB0,MKS1,V238I,0.874
Q9NXB0,MKS1,V238H,0.473
Q9NXB0,MKS1,V238G,0.516
Q9NXB0,MKS1,V238F,0.684
Q9NXB0,MKS1,V238E,0.493
Q9NXB0,MKS1,V238D,0.436
Q9NXB0,MKS1,V238C,0.681
Q9NXB0,MKS1,V238A,0.7
Q9NXB0,MKS1,K239P,0.506
Q9NXB0,MKS1,K239Q,0.772
Q9NXB0,MKS1,K239R,0.837
Q9NXB0,MKS1,K239S,0.631
Q9NXB0,MKS1,K239M,0.722
Q9NXB0,MKS1,K239V,0.676
Q9NXB0,MKS1,K239W,0.671
Q9NXB0,MKS1,K239N,0.706
Q9NXB0,MKS1,K239T,0.688
Q9NXB0,MKS1,K239Y,0.636
Q9NXB0,MKS1,K239H,0.669
Q9NXB0,MKS1,K239I,0.659
Q9NXB0,MKS1,K239G,0.538
Q9NXB0,MKS1,K239F,0.604
Q9NXB0,MKS1,K239E,0.696
Q9NXB0,MKS1,K239D,0.57
Q9NXB0,MKS1,K239C,0.674
Q9NXB0,MKS1,K239A,0.647
Q9NXB0,MKS1,K239L,0.682
Q9NXB0,MKS1,P240Q,0.572
Q9NXB0,MKS1,P240N,0.459
Q9NXB0,MKS1,P240R,0.503
Q9NXB0,MKS1,P240M,0.623
Q9NXB0,MKS1,P240T,0.613
Q9NXB0,MKS1,P240V,0.599
Q9NXB0,MKS1,P240W,0.398
Q9NXB0,MKS1,P240S,0.604
Q9NXB0,MKS1,P240L,0.599
Q9NXB0,MKS1,P240Y,0.53
Q9NXB0,MKS1,P240I,0.554
Q9NXB0,MKS1,P240A,0.662
Q9NXB0,MKS1,P240C,0.623
Q9NXB0,MKS1,P240D,0.472
Q9NXB0,MKS1,P240K,0.48
Q9NXB0,MKS1,P240F,0.562
Q9NXB0,MKS1,P240G,0.485
Q9NXB0,MKS1,P240H,0.568
Q9NXB0,MKS1,P240E,0.499
Q9NXB0,MKS1,D241P,0.662
Q9NXB0,MKS1,D241Y,0.683
Q9NXB0,MKS1,D241W,0.57
Q9NXB0,MKS1,D241V,0.674
Q9NXB0,MKS1,D241T,0.707
Q9NXB0,MKS1,D241S,0.748
Q9NXB0,MKS1,D241R,0.631
Q9NXB0,MKS1,D241Q,0.729
Q9NXB0,MKS1,D241N,0.818
Q9NXB0,MKS1,D241M,0.657
Q9NXB0,MKS1,D241L,0.623
Q9NXB0,MKS1,D241C,0.631
Q9NXB0,MKS1,D241E,0.853
Q9NXB0,MKS1,D241F,0.67
Q9NXB0,MKS1,D241A,0.708
Q9NXB0,MKS1,D241H,0.718
Q9NXB0,MKS1,D241I,0.657
Q9NXB0,MKS1,D241K,0.69
Q9NXB0,MKS1,D241G,0.752
Q9NXB0,MKS1,F242N,0.573
Q9NXB0,MKS1,F242W,0.726
Q9NXB0,MKS1,F242V,0.729
Q9NXB0,MKS1,F242T,0.652
Q9NXB0,MKS1,F242S,0.654
Q9NXB0,MKS1,F242R,0.587
Q9NXB0,MKS1,F242Q,0.61
Q9NXB0,MKS1,F242P,0.562
Q9NXB0,MKS1,F242M,0.734
Q9NXB0,MKS1,F242Y,0.859
Q9NXB0,MKS1,F242K,0.572
Q9NXB0,MKS1,F242A,0.659
Q9NXB0,MKS1,F242C,0.685
Q9NXB0,MKS1,F242D,0.599
Q9NXB0,MKS1,F242L,0.801
Q9NXB0,MKS1,F242G,0.568
Q9NXB0,MKS1,F242H,0.676
Q9NXB0,MKS1,F242I,0.768
Q9NXB0,MKS1,F242E,0.561
Q9NXB0,MKS1,T243M,0.862
Q9NXB0,MKS1,T243W,0.617
Q9NXB0,MKS1,T243V,0.86
Q9NXB0,MKS1,T243S,0.825
Q9NXB0,MKS1,T243R,0.712
Q9NXB0,MKS1,T243Q,0.704
Q9NXB0,MKS1,T243P,0.692
Q9NXB0,MKS1,T243N,0.759
Q9NXB0,MKS1,T243L,0.812
Q9NXB0,MKS1,T243Y,0.719
Q9NXB0,MKS1,T243I,0.875
Q9NXB0,MKS1,T243A,0.844
Q9NXB0,MKS1,T243C,0.808
Q9NXB0,MKS1,T243D,0.651
Q9NXB0,MKS1,T243K,0.703
Q9NXB0,MKS1,T243F,0.751
Q9NXB0,MKS1,T243G,0.678
Q9NXB0,MKS1,T243H,0.684
Q9NXB0,MKS1,T243E,0.651
Q9NXB0,MKS1,G244N,1.008
Q9NXB0,MKS1,G244W,0.926
Q9NXB0,MKS1,G244V,0.933
Q9NXB0,MKS1,G244T,0.935
Q9NXB0,MKS1,G244S,1.032
Q9NXB0,MKS1,G244R,0.97
Q9NXB0,MKS1,G244Q,0.92
Q9NXB0,MKS1,G244P,0.871
Q9NXB0,MKS1,G244Y,0.86
Q9NXB0,MKS1,G244M,0.85
Q9NXB0,MKS1,G244K,0.919
Q9NXB0,MKS1,G244I,0.854
Q9NXB0,MKS1,G244H,0.909
Q9NXB0,MKS1,G244F,0.891
Q9NXB0,MKS1,G244E,0.958
Q9NXB0,MKS1,G244D,0.987
Q9NXB0,MKS1,G244C,0.936
Q9NXB0,MKS1,G244A,1.019
Q9NXB0,MKS1,G244L,0.82
Q9NXB0,MKS1,L245P,0.915
Q9NXB0,MKS1,L245Q,0.944
Q9NXB0,MKS1,L245R,0.924
Q9NXB0,MKS1,L245Y,0.922
Q9NXB0,MKS1,L245T,0.926
Q9NXB0,MKS1,L245V,1.038
Q9NXB0,MKS1,L245W,0.92
Q9NXB0,MKS1,L245S,0.912
Q9NXB0,MKS1,L245N,0.861
Q9NXB0,MKS1,L245M,1.102
Q9NXB0,MKS1,L245I,1.078
Q9NXB0,MKS1,L245A,0.915
Q9NXB0,MKS1,L245C,0.911
Q9NXB0,MKS1,L245D,0.809
Q9NXB0,MKS1,L245K,0.886
Q9NXB0,MKS1,L245F,1.006
Q9NXB0,MKS1,L245G,0.792
Q9NXB0,MKS1,L245H,0.912
Q9NXB0,MKS1,L245E,0.852
Q9NXB0,MKS1,K246P,0.665
Q9NXB0,MKS1,K246Y,0.65
Q9NXB0,MKS1,K246W,0.644
Q9NXB0,MKS1,K246V,0.676
Q9NXB0,MKS1,K246T,0.74
Q9NXB0,MKS1,K246S,0.723
Q9NXB0,MKS1,K246R,0.857
Q9NXB0,MKS1,K246Q,0.811
Q9NXB0,MKS1,K246N,0.784
Q9NXB0,MKS1,K246M,0.748
Q9NXB0,MKS1,K246L,0.67
Q9NXB0,MKS1,K246C,0.616
Q9NXB0,MKS1,K246D,0.677
Q9NXB0,MKS1,K246E,0.79
Q9NXB0,MKS1,K246A,0.7
Q9NXB0,MKS1,K246G,0.646
Q9NXB0,MKS1,K246H,0.724
Q9NXB0,MKS1,K246I,0.655
Q9NXB0,MKS1,K246F,0.604
Q9NXB0,MKS1,G247P,0.768
Q9NXB0,MKS1,G247Y,0.749
Q9NXB0,MKS1,G247W,0.814
Q9NXB0,MKS1,G247V,0.838
Q9NXB0,MKS1,G247T,0.829
Q9NXB0,MKS1,G247S,0.948
Q9NXB0,MKS1,G247R,0.864
Q9NXB0,MKS1,G247Q,0.812
Q9NXB0,MKS1,G247N,0.914
Q9NXB0,MKS1,G247M,0.768
Q9NXB0,MKS1,G247L,0.736
Q9NXB0,MKS1,G247C,0.84
Q9NXB0,MKS1,G247D,0.891
Q9NXB0,MKS1,G247E,0.861
Q9NXB0,MKS1,G247A,0.93
Q9NXB0,MKS1,G247H,0.798
Q9NXB0,MKS1,G247I,0.77
Q9NXB0,MKS1,G247K,0.808
Q9NXB0,MKS1,G247F,0.787
Q9NXB0,MKS1,P248N,0.79
Q9NXB0,MKS1,P248Y,0.767
Q9NXB0,MKS1,P248W,0.679
Q9NXB0,MKS1,P248V,0.833
Q9NXB0,MKS1,P248T,0.878
Q9NXB0,MKS1,P248S,0.883
Q9NXB0,MKS1,P248R,0.802
Q9NXB0,MKS1,P248Q,0.878
Q9NXB0,MKS1,P248M,0.83
Q9NXB0,MKS1,P248L,0.858
Q9NXB0,MKS1,P248K,0.806
Q9NXB0,MKS1,P248C,0.738
Q9NXB0,MKS1,P248D,0.796
Q9NXB0,MKS1,P248E,0.826
Q9NXB0,MKS1,P248A,0.893
Q9NXB0,MKS1,P248G,0.784
Q9NXB0,MKS1,P248H,0.824
Q9NXB0,MKS1,P248I,0.797
Q9NXB0,MKS1,P248F,0.755
Q9NXB0,MKS1,Y249N,0.558
Q9NXB0,MKS1,Y249W,0.722
Q9NXB0,MKS1,Y249V,0.633
Q9NXB0,MKS1,Y249T,0.531
Q9NXB0,MKS1,Y249S,0.538
Q9NXB0,MKS1,Y249R,0.545
Q9NXB0,MKS1,Y249Q,0.588
Q9NXB0,MKS1,Y249P,0.411
Q9NXB0,MKS1,Y249M,0.628
Q9NXB0,MKS1,Y249L,0.67
Q9NXB0,MKS1,Y249K,0.495
Q9NXB0,MKS1,Y249C,0.65
Q9NXB0,MKS1,Y249D,0.448
Q9NXB0,MKS1,Y249E,0.476
Q9NXB0,MKS1,Y249A,0.539
Q9NXB0,MKS1,Y249G,0.512
Q9NXB0,MKS1,Y249H,0.74
Q9NXB0,MKS1,Y249I,0.626
Q9NXB0,MKS1,Y249F,0.844
Q9NXB0,MKS1,R250N,0.901
Q9NXB0,MKS1,R250Y,0.827
Q9NXB0,MKS1,R250W,0.837
Q9NXB0,MKS1,R250V,0.804
Q9NXB0,MKS1,R250T,0.875
Q9NXB0,MKS1,R250S,0.87
Q9NXB0,MKS1,R250Q,0.966
Q9NXB0,MKS1,R250P,0.822
Q9NXB0,MKS1,R250M,0.886
Q9NXB0,MKS1,R250L,0.859
Q9NXB0,MKS1,R250K,1.004
Q9NXB0,MKS1,R250C,0.855
Q9NXB0,MKS1,R250D,0.766
Q9NXB0,MKS1,R250E,0.865
Q9NXB0,MKS1,R250A,0.83
Q9NXB0,MKS1,R250G,0.848
Q9NXB0,MKS1,R250H,0.942
Q9NXB0,MKS1,R250I,0.811
Q9NXB0,MKS1,R250F,0.758
Q9NXB0,MKS1,I251P,0.602
Q9NXB0,MKS1,I251Y,0.708
Q9NXB0,MKS1,I251W,0.606
Q9NXB0,MKS1,I251V,0.914
Q9NXB0,MKS1,I251T,0.739
Q9NXB0,MKS1,I251S,0.658
Q9NXB0,MKS1,I251R,0.615
Q9NXB0,MKS1,I251Q,0.594
Q9NXB0,MKS1,I251N,0.643
Q9NXB0,MKS1,I251M,0.833
Q9NXB0,MKS1,I251L,0.864
Q9NXB0,MKS1,I251C,0.699
Q9NXB0,MKS1,I251D,0.579
Q9NXB0,MKS1,I251E,0.596
Q9NXB0,MKS1,I251A,0.7
Q9NXB0,MKS1,I251G,0.562
Q9NXB0,MKS1,I251H,0.603
Q9NXB0,MKS1,I251K,0.609
Q9NXB0,MKS1,I251F,0.778
Q9NXB0,MKS1,E252P,0.846
Q9NXB0,MKS1,E252Y,0.852
Q9NXB0,MKS1,E252W,0.795
Q9NXB0,MKS1,E252V,0.911
Q9NXB0,MKS1,E252T,0.883
Q9NXB0,MKS1,E252S,0.879
Q9NXB0,MKS1,E252R,0.895
Q9NXB0,MKS1,E252Q,1.025
Q9NXB0,MKS1,E252N,0.904
Q9NXB0,MKS1,E252M,0.885
Q9NXB0,MKS1,E252L,0.858
Q9NXB0,MKS1,E252C,0.792
Q9NXB0,MKS1,E252D,1.036
Q9NXB0,MKS1,E252F,0.813
Q9NXB0,MKS1,E252A,0.92
Q9NXB0,MKS1,E252H,0.902
Q9NXB0,MKS1,E252I,0.878
Q9NXB0,MKS1,E252K,0.972
Q9NXB0,MKS1,E252G,0.884
Q9NXB0,MKS1,T253M,0.994
Q9NXB0,MKS1,T253W,0.784
Q9NXB0,MKS1,T253V,0.983
Q9NXB0,MKS1,T253S,0.993
Q9NXB0,MKS1,T253R,0.895
Q9NXB0,MKS1,T253Q,0.874
Q9NXB0,MKS1,T253P,0.903
Q9NXB0,MKS1,T253N,0.958
Q9NXB0,MKS1,T253L,0.912
Q9NXB0,MKS1,T253Y,0.85
Q9NXB0,MKS1,T253I,0.978
Q9NXB0,MKS1,T253A,0.998
Q9NXB0,MKS1,T253C,0.903
Q9NXB0,MKS1,T253D,0.822
Q9NXB0,MKS1,T253K,0.904
Q9NXB0,MKS1,T253F,0.858
Q9NXB0,MKS1,T253G,0.85
Q9NXB0,MKS1,T253H,0.864
Q9NXB0,MKS1,T253E,0.843
Q9NXB0,MKS1,E254P,0.851
Q9NXB0,MKS1,E254Y,0.848
Q9NXB0,MKS1,E254W,0.792
Q9NXB0,MKS1,E254V,0.9
Q9NXB0,MKS1,E254T,0.882
Q9NXB0,MKS1,E254S,0.883
Q9NXB0,MKS1,E254R,0.907
Q9NXB0,MKS1,E254Q,1.029
Q9NXB0,MKS1,E254N,0.909
Q9NXB0,MKS1,E254M,0.876
Q9NXB0,MKS1,E254L,0.828
Q9NXB0,MKS1,E254C,0.786
Q9NXB0,MKS1,E254D,1.036
Q9NXB0,MKS1,E254F,0.795
Q9NXB0,MKS1,E254A,0.927
Q9NXB0,MKS1,E254H,0.906
Q9NXB0,MKS1,E254I,0.86
Q9NXB0,MKS1,E254K,0.978
Q9NXB0,MKS1,E254G,0.897
Q9NXB0,MKS1,G255P,0.66
Q9NXB0,MKS1,G255Y,0.646
Q9NXB0,MKS1,G255W,0.707
Q9NXB0,MKS1,G255V,0.715
Q9NXB0,MKS1,G255T,0.712
Q9NXB0,MKS1,G255S,0.822
Q9NXB0,MKS1,G255R,0.756
Q9NXB0,MKS1,G255Q,0.704
Q9NXB0,MKS1,G255N,0.785
Q9NXB0,MKS1,G255M,0.664
Q9NXB0,MKS1,G255L,0.619
Q9NXB0,MKS1,G255C,0.73
Q9NXB0,MKS1,G255D,0.766
Q9NXB0,MKS1,G255E,0.75
Q9NXB0,MKS1,G255A,0.827
Q9NXB0,MKS1,G255H,0.691
Q9NXB0,MKS1,G255I,0.647
Q9NXB0,MKS1,G255K,0.701
Q9NXB0,MKS1,G255F,0.668
Q9NXB0,MKS1,E256P,0.769
Q9NXB0,MKS1,E256Y,0.766
Q9NXB0,MKS1,E256W,0.71
Q9NXB0,MKS1,E256V,0.818
Q9NXB0,MKS1,E256T,0.8
Q9NXB0,MKS1,E256S,0.801
Q9NXB0,MKS1,E256R,0.824
Q9NXB0,MKS1,E256Q,0.94
Q9NXB0,MKS1,E256N,0.826
Q9NXB0,MKS1,E256M,0.794
Q9NXB0,MKS1,E256L,0.746
Q9NXB0,MKS1,E256C,0.703
Q9NXB0,MKS1,E256D,0.946
Q9NXB0,MKS1,E256F,0.713
Q9NXB0,MKS1,E256A,0.844
Q9NXB0,MKS1,E256H,0.823
Q9NXB0,MKS1,E256I,0.778
Q9NXB0,MKS1,E256K,0.896
Q9NXB0,MKS1,E256G,0.814
Q9NXB0,MKS1,K257N,0.8
Q9NXB0,MKS1,K257W,0.693
Q9NXB0,MKS1,K257V,0.706
Q9NXB0,MKS1,K257T,0.764
Q9NXB0,MKS1,K257S,0.738
Q9NXB0,MKS1,K257R,0.872
Q9NXB0,MKS1,K257Q,0.826
Q9NXB0,MKS1,K257P,0.68
Q9NXB0,MKS1,K257M,0.776
Q9NXB0,MKS1,K257Y,0.668
Q9NXB0,MKS1,K257I,0.708
Q9NXB0,MKS1,K257A,0.716
Q9NXB0,MKS1,K257C,0.652
Q9NXB0,MKS1,K257D,0.692
Q9NXB0,MKS1,K257L,0.697
Q9NXB0,MKS1,K257F,0.635
Q9NXB0,MKS1,K257G,0.664
Q9NXB0,MKS1,K257H,0.742
Q9NXB0,MKS1,K257E,0.805
Q9NXB0,MKS1,Q258N,0.84
Q9NXB0,MKS1,Q258Y,0.82
Q9NXB0,MKS1,Q258W,0.82
Q9NXB0,MKS1,Q258V,0.788
Q9NXB0,MKS1,Q258T,0.824
Q9NXB0,MKS1,Q258S,0.82
Q9NXB0,MKS1,Q258R,0.922
Q9NXB0,MKS1,Q258P,0.842
Q9NXB0,MKS1,Q258M,0.874
Q9NXB0,MKS1,Q258L,0.831
Q9NXB0,MKS1,Q258K,0.898
Q9NXB0,MKS1,Q258C,0.778
Q9NXB0,MKS1,Q258D,0.808
Q9NXB0,MKS1,Q258E,0.918
Q9NXB0,MKS1,Q258A,0.811
Q9NXB0,MKS1,Q258G,0.765
Q9NXB0,MKS1,Q258H,0.909
Q9NXB0,MKS1,Q258I,0.772
Q9NXB0,MKS1,Q258F,0.749
Q9NXB0,MKS1,E259N,0.802
Q9NXB0,MKS1,E259W,0.692
Q9NXB0,MKS1,E259V,0.833
Q9NXB0,MKS1,E259T,0.779
Q9NXB0,MKS1,E259S,0.778
Q9NXB0,MKS1,E259R,0.789
Q9NXB0,MKS1,E259Q,0.936
Q9NXB0,MKS1,E259P,0.746
Q9NXB0,MKS1,E259M,0.8
Q9NXB0,MKS1,E259Y,0.75
Q9NXB0,MKS1,E259K,0.88
Q9NXB0,MKS1,E259A,0.84
Q9NXB0,MKS1,E259C,0.699
Q9NXB0,MKS1,E259D,0.952
Q9NXB0,MKS1,E259L,0.764
Q9NXB0,MKS1,E259G,0.803
Q9NXB0,MKS1,E259H,0.8
Q9NXB0,MKS1,E259I,0.791
Q9NXB0,MKS1,E259F,0.718
Q9NXB0,MKS1,L260N,0.765
Q9NXB0,MKS1,L260W,0.821
Q9NXB0,MKS1,L260V,0.97
Q9NXB0,MKS1,L260T,0.863
Q9NXB0,MKS1,L260S,0.841
Q9NXB0,MKS1,L260R,0.832
Q9NXB0,MKS1,L260Q,0.856
Q9NXB0,MKS1,L260P,0.843
Q9NXB0,MKS1,L260M,1.018
Q9NXB0,MKS1,L260Y,0.847
Q9NXB0,MKS1,L260I,0.998
Q9NXB0,MKS1,L260A,0.854
Q9NXB0,MKS1,L260C,0.824
Q9NXB0,MKS1,L260D,0.723
Q9NXB0,MKS1,L260K,0.799
Q9NXB0,MKS1,L260F,0.938
Q9NXB0,MKS1,L260G,0.718
Q9NXB0,MKS1,L260H,0.825
Q9NXB0,MKS1,L260E,0.771
Q9NXB0,MKS1,W261M,0.636
Q9NXB0,MKS1,W261V,0.565
Q9NXB0,MKS1,W261T,0.514
Q9NXB0,MKS1,W261S,0.488
Q9NXB0,MKS1,W261R,0.506
Q9NXB0,MKS1,W261Q,0.51
Q9NXB0,MKS1,W261P,0.333
Q9NXB0,MKS1,W261N,0.374
Q9NXB0,MKS1,W261Y,0.725
Q9NXB0,MKS1,W261L,0.647
Q9NXB0,MKS1,W261I,0.514
Q9NXB0,MKS1,W261H,0.514
Q9NXB0,MKS1,W261G,0.556
Q9NXB0,MKS1,W261F,0.718
Q9NXB0,MKS1,W261E,0.443
Q9NXB0,MKS1,W261D,0.364
Q9NXB0,MKS1,W261C,0.642
Q9NXB0,MKS1,W261A,0.52
Q9NXB0,MKS1,W261K,0.45
Q9NXB0,MKS1,K262P,0.814
Q9NXB0,MKS1,K262Q,0.929
Q9NXB0,MKS1,K262R,0.972
Q9NXB0,MKS1,K262N,0.9
Q9NXB0,MKS1,K262T,0.868
Q9NXB0,MKS1,K262V,0.832
Q9NXB0,MKS1,K262W,0.747
Q9NXB0,MKS1,K262S,0.866
Q9NXB0,MKS1,K262M,0.9
Q9NXB0,MKS1,K262Y,0.769
Q9NXB0,MKS1,K262I,0.81
Q9NXB0,MKS1,K262A,0.841
Q9NXB0,MKS1,K262C,0.738
Q9NXB0,MKS1,K262D,0.802
Q9NXB0,MKS1,K262L,0.832
Q9NXB0,MKS1,K262F,0.762
Q9NXB0,MKS1,K262G,0.788
Q9NXB0,MKS1,K262H,0.839
Q9NXB0,MKS1,K262E,0.918
Q9NXB0,MKS1,Y263W,0.742
Q9NXB0,MKS1,Y263V,0.64
Q9NXB0,MKS1,Y263T,0.523
Q9NXB0,MKS1,Y263S,0.525
Q9NXB0,MKS1,Y263R,0.545
Q9NXB0,MKS1,Y263Q,0.579
Q9NXB0,MKS1,Y263P,0.402
Q9NXB0,MKS1,Y263M,0.635
Q9NXB0,MKS1,Y263L,0.684
Q9NXB0,MKS1,Y263N,0.544
Q9NXB0,MKS1,Y263I,0.638
Q9NXB0,MKS1,Y263K,0.481
Q9NXB0,MKS1,Y263C,0.653
Q9NXB0,MKS1,Y263D,0.428
Q9NXB0,MKS1,Y263E,0.462
Q9NXB0,MKS1,Y263A,0.536
Q9NXB0,MKS1,Y263G,0.501
Q9NXB0,MKS1,Y263H,0.734
Q9NXB0,MKS1,Y263F,0.858
Q9NXB0,MKS1,T264M,0.865
Q9NXB0,MKS1,T264Y,0.736
Q9NXB0,MKS1,T264W,0.688
Q9NXB0,MKS1,T264V,0.866
Q9NXB0,MKS1,T264S,0.891
Q9NXB0,MKS1,T264R,0.792
Q9NXB0,MKS1,T264Q,0.776
Q9NXB0,MKS1,T264P,0.812
Q9NXB0,MKS1,T264L,0.804
Q9NXB0,MKS1,T264N,0.856
Q9NXB0,MKS1,T264I,0.853
Q9NXB0,MKS1,T264C,0.776
Q9NXB0,MKS1,T264D,0.748
Q9NXB0,MKS1,T264E,0.765
Q9NXB0,MKS1,T264A,0.871
Q9NXB0,MKS1,T264G,0.754
Q9NXB0,MKS1,T264H,0.765
Q9NXB0,MKS1,T264F,0.755
Q9NXB0,MKS1,T264K,0.791
Q9NXB0,MKS1,I265Y,0.72
Q9NXB0,MKS1,I265N,0.61
Q9NXB0,MKS1,I265W,0.633
Q9NXB0,MKS1,I265V,0.948
Q9NXB0,MKS1,I265T,0.72
Q9NXB0,MKS1,I265S,0.631
Q9NXB0,MKS1,I265R,0.586
Q9NXB0,MKS1,I265Q,0.568
Q9NXB0,MKS1,I265P,0.582
Q9NXB0,MKS1,I265M,0.868
Q9NXB0,MKS1,I265K,0.564
Q9NXB0,MKS1,I265H,0.591
Q9NXB0,MKS1,I265G,0.544
Q9NXB0,MKS1,I265F,0.833
Q9NXB0,MKS1,I265E,0.557
Q9NXB0,MKS1,I265D,0.538
Q9NXB0,MKS1,I265C,0.724
Q9NXB0,MKS1,I265A,0.696
Q9NXB0,MKS1,I265L,0.925
Q9NXB0,MKS1,D266P,0.81
Q9NXB0,MKS1,D266Q,0.868
Q9NXB0,MKS1,D266R,0.768
Q9NXB0,MKS1,D266N,0.96
Q9NXB0,MKS1,D266T,0.847
Q9NXB0,MKS1,D266V,0.814
Q9NXB0,MKS1,D266W,0.698
Q9NXB0,MKS1,D266S,0.89
Q9NXB0,MKS1,D266M,0.797
Q9NXB0,MKS1,D266Y,0.826
Q9NXB0,MKS1,D266K,0.821
Q9NXB0,MKS1,D266A,0.844
Q9NXB0,MKS1,D266C,0.77
Q9NXB0,MKS1,D266E,0.997
Q9NXB0,MKS1,D266L,0.764
Q9NXB0,MKS1,D266G,0.894
Q9NXB0,MKS1,D266H,0.858
Q9NXB0,MKS1,D266I,0.798
Q9NXB0,MKS1,D266F,0.814
Q9NXB0,MKS1,N267P,0.708
Q9NXB0,MKS1,N267Y,0.78
Q9NXB0,MKS1,N267W,0.667
Q9NXB0,MKS1,N267V,0.74
Q9NXB0,MKS1,N267T,0.86
Q9NXB0,MKS1,N267S,0.902
Q9NXB0,MKS1,N267R,0.801
Q9NXB0,MKS1,N267Q,0.817
Q9NXB0,MKS1,N267M,0.779
Q9NXB0,MKS1,N267D,0.873
Q9NXB0,MKS1,N267K,0.823
Q9NXB0,MKS1,N267C,0.742
Q9NXB0,MKS1,N267L,0.739
Q9NXB0,MKS1,N267E,0.782
Q9NXB0,MKS1,N267A,0.768
Q9NXB0,MKS1,N267G,0.83
Q9NXB0,MKS1,N267H,0.893
Q9NXB0,MKS1,N267I,0.774
Q9NXB0,MKS1,N267F,0.764
Q9NXB0,MKS1,V268M,0.96
Q9NXB0,MKS1,V268W,0.752
Q9NXB0,MKS1,V268T,0.922
Q9NXB0,MKS1,V268S,0.818
Q9NXB0,MKS1,V268R,0.776
Q9NXB0,MKS1,V268Q,0.804
Q9NXB0,MKS1,V268P,0.821
Q9NXB0,MKS1,V268N,0.783
Q9NXB0,MKS1,V268L,0.951
Q9NXB0,MKS1,V268Y,0.83
Q9NXB0,MKS1,V268I,1.03
Q9NXB0,MKS1,V268A,0.91
Q9NXB0,MKS1,V268C,0.82
Q9NXB0,MKS1,V268D,0.798
Q9NXB0,MKS1,V268K,0.807
Q9NXB0,MKS1,V268F,0.874
Q9NXB0,MKS1,V268G,0.818
Q9NXB0,MKS1,V268H,0.764
Q9NXB0,MKS1,V268E,0.85
Q9NXB0,MKS1,S269N,0.903
Q9NXB0,MKS1,S269W,0.656
Q9NXB0,MKS1,S269V,0.768
Q9NXB0,MKS1,S269T,0.892
Q9NXB0,MKS1,S269R,0.772
Q9NXB0,MKS1,S269Q,0.797
Q9NXB0,MKS1,S269P,0.814
Q9NXB0,MKS1,S269M,0.8
Q9NXB0,MKS1,S269Y,0.744
Q9NXB0,MKS1,S269L,0.782
Q9NXB0,MKS1,S269A,0.889
Q9NXB0,MKS1,S269C,0.822
Q9NXB0,MKS1,S269D,0.798
Q9NXB0,MKS1,S269E,0.778
Q9NXB0,MKS1,S269K,0.798
Q9NXB0,MKS1,S269G,0.851
Q9NXB0,MKS1,S269H,0.766
Q9NXB0,MKS1,S269I,0.758
Q9NXB0,MKS1,S269F,0.788
Q9NXB0,MKS1,P270M,1.062
Q9NXB0,MKS1,P270W,0.908
Q9NXB0,MKS1,P270V,1.058
Q9NXB0,MKS1,P270T,1.126
Q9NXB0,MKS1,P270S,1.138
Q9NXB0,MKS1,P270R,1.058
Q9NXB0,MKS1,P270Q,1.134
Q9NXB0,MKS1,P270N,1.03
Q9NXB0,MKS1,P270Y,1.014
Q9NXB0,MKS1,P270K,1.054
Q9NXB0,MKS1,P270I,1.022
Q9NXB0,MKS1,P270H,1.074
Q9NXB0,MKS1,P270G,1.01
Q9NXB0,MKS1,P270F,0.997
Q9NXB0,MKS1,P270E,1.064
Q9NXB0,MKS1,P270D,1.027
Q9NXB0,MKS1,P270C,0.996
Q9NXB0,MKS1,P270A,1.149
Q9NXB0,MKS1,P270L,1.096
Q9NXB0,MKS1,H271P,1.106
Q9NXB0,MKS1,H271Q,1.212
Q9NXB0,MKS1,H271R,1.221
Q9NXB0,MKS1,H271N,1.234
Q9NXB0,MKS1,H271T,1.092
Q9NXB0,MKS1,H271V,1.034
Q9NXB0,MKS1,H271W,1.098
Q9NXB0,MKS1,H271S,1.113
Q9NXB0,MKS1,H271Y,1.266
Q9NXB0,MKS1,H271M,1.102
Q9NXB0,MKS1,H271K,1.126
Q9NXB0,MKS1,H271A,1.062
Q9NXB0,MKS1,H271C,1.11
Q9NXB0,MKS1,H271D,1.146
Q9NXB0,MKS1,H271L,1.092
Q9NXB0,MKS1,H271F,1.138
Q9NXB0,MKS1,H271G,1.069
Q9NXB0,MKS1,H271I,1.046
Q9NXB0,MKS1,H271E,1.128
Q9NXB0,MKS1,A272P,1.072
Q9NXB0,MKS1,A272Y,0.998
Q9NXB0,MKS1,A272W,0.936
Q9NXB0,MKS1,A272V,1.131
Q9NXB0,MKS1,A272T,1.134
Q9NXB0,MKS1,A272S,1.144
Q9NXB0,MKS1,A272R,0.986
Q9NXB0,MKS1,A272Q,1.014
Q9NXB0,MKS1,A272N,1.014
Q9NXB0,MKS1,A272M,1.072
Q9NXB0,MKS1,A272L,1.046
Q9NXB0,MKS1,A272D,1.006
Q9NXB0,MKS1,A272E,1.047
Q9NXB0,MKS1,A272F,1.004
Q9NXB0,MKS1,A272C,1.072
Q9NXB0,MKS1,A272H,0.97
Q9NXB0,MKS1,A272I,1.065
Q9NXB0,MKS1,A272K,1.007
Q9NXB0,MKS1,A272G,1.088
Q9NXB0,MKS1,Q273N,0.977
Q9NXB0,MKS1,Q273Y,0.916
Q9NXB0,MKS1,Q273W,0.855
Q9NXB0,MKS1,Q273V,0.904
Q9NXB0,MKS1,Q273T,0.95
Q9NXB0,MKS1,Q273S,0.962
Q9NXB0,MKS1,Q273R,1.044
Q9NXB0,MKS1,Q273P,0.959
Q9NXB0,MKS1,Q273M,0.99
Q9NXB0,MKS1,Q273L,0.932
Q9NXB0,MKS1,Q273K,1.035
Q9NXB0,MKS1,Q273C,0.857
Q9NXB0,MKS1,Q273D,0.95
Q9NXB0,MKS1,Q273E,1.06
Q9NXB0,MKS1,Q273A,0.94
Q9NXB0,MKS1,Q273G,0.886
Q9NXB0,MKS1,Q273H,1.012
Q9NXB0,MKS1,Q273I,0.871
Q9NXB0,MKS1,Q273F,0.856
Q9NXB0,MKS1,P274N,0.899
Q9NXB0,MKS1,P274Y,0.859
Q9NXB0,MKS1,P274W,0.781
Q9NXB0,MKS1,P274V,0.914
Q9NXB0,MKS1,P274T,0.981
Q9NXB0,MKS1,P274S,0.99
Q9NXB0,MKS1,P274R,0.917
Q9NXB0,MKS1,P274Q,0.986
Q9NXB0,MKS1,P274M,0.913
Q9NXB0,MKS1,P274L,0.926
Q9NXB0,MKS1,P274K,0.928
Q9NXB0,MKS1,P274C,0.834
Q9NXB0,MKS1,P274D,0.905
Q9NXB0,MKS1,P274E,0.934
Q9NXB0,MKS1,P274A,0.992
Q9NXB0,MKS1,P274G,0.886
Q9NXB0,MKS1,P274H,0.928
Q9NXB0,MKS1,P274I,0.871
Q9NXB0,MKS1,P274F,0.825
Q9NXB0,MKS1,E275N,0.92
Q9NXB0,MKS1,E275W,0.765
Q9NXB0,MKS1,E275V,0.879
Q9NXB0,MKS1,E275T,0.884
Q9NXB0,MKS1,E275S,0.902
Q9NXB0,MKS1,E275R,0.906
Q9NXB0,MKS1,E275Q,1.028
Q9NXB0,MKS1,E275P,0.868
Q9NXB0,MKS1,E275M,0.846
Q9NXB0,MKS1,E275Y,0.816
Q9NXB0,MKS1,E275K,0.987
Q9NXB0,MKS1,E275A,0.916
Q9NXB0,MKS1,E275C,0.746
Q9NXB0,MKS1,E275D,1.041
Q9NXB0,MKS1,E275L,0.805
Q9NXB0,MKS1,E275G,0.881
Q9NXB0,MKS1,E275H,0.91
Q9NXB0,MKS1,E275I,0.824
Q9NXB0,MKS1,E275F,0.776
Q9NXB0,MKS1,E276P,0.761
Q9NXB0,MKS1,E276Y,0.74
Q9NXB0,MKS1,E276W,0.68
Q9NXB0,MKS1,E276V,0.804
Q9NXB0,MKS1,E276T,0.792
Q9NXB0,MKS1,E276S,0.795
Q9NXB0,MKS1,E276R,0.794
Q9NXB0,MKS1,E276Q,0.927
Q9NXB0,MKS1,E276N,0.816
Q9NXB0,MKS1,E276M,0.774
Q9NXB0,MKS1,E276L,0.75
Q9NXB0,MKS1,E276C,0.683
Q9NXB0,MKS1,E276D,0.94
Q9NXB0,MKS1,E276F,0.704
Q9NXB0,MKS1,E276A,0.828
Q9NXB0,MKS1,E276H,0.803
Q9NXB0,MKS1,E276I,0.765
Q9NXB0,MKS1,E276K,0.883
Q9NXB0,MKS1,E276G,0.79
Q9NXB0,MKS1,E277N,0.901
Q9NXB0,MKS1,E277W,0.786
Q9NXB0,MKS1,E277V,0.909
Q9NXB0,MKS1,E277T,0.884
Q9NXB0,MKS1,E277S,0.876
Q9NXB0,MKS1,E277R,0.889
Q9NXB0,MKS1,E277Q,1.016
Q9NXB0,MKS1,E277P,0.846
Q9NXB0,MKS1,E277M,0.883
Q9NXB0,MKS1,E277Y,0.844
Q9NXB0,MKS1,E277K,0.966
Q9NXB0,MKS1,E277A,0.921
Q9NXB0,MKS1,E277C,0.78
Q9NXB0,MKS1,E277D,1.032
Q9NXB0,MKS1,E277L,0.849
Q9NXB0,MKS1,E277G,0.887
Q9NXB0,MKS1,E277H,0.897
Q9NXB0,MKS1,E277I,0.869
Q9NXB0,MKS1,E277F,0.806
Q9NXB0,MKS1,E278N,0.823
Q9NXB0,MKS1,E278W,0.698
Q9NXB0,MKS1,E278V,0.805
Q9NXB0,MKS1,E278T,0.795
Q9NXB0,MKS1,E278S,0.807
Q9NXB0,MKS1,E278R,0.802
Q9NXB0,MKS1,E278Q,0.932
Q9NXB0,MKS1,E278P,0.774
Q9NXB0,MKS1,E278M,0.78
Q9NXB0,MKS1,E278Y,0.756
Q9NXB0,MKS1,E278K,0.878
Q9NXB0,MKS1,E278A,0.828
Q9NXB0,MKS1,E278C,0.687
Q9NXB0,MKS1,E278D,0.952
Q9NXB0,MKS1,E278L,0.756
Q9NXB0,MKS1,E278G,0.794
Q9NXB0,MKS1,E278H,0.812
Q9NXB0,MKS1,E278I,0.77
Q9NXB0,MKS1,E278F,0.718
Q9NXB0,MKS1,R279M,0.812
Q9NXB0,MKS1,R279W,0.772
Q9NXB0,MKS1,R279V,0.731
Q9NXB0,MKS1,R279T,0.82
Q9NXB0,MKS1,R279S,0.82
Q9NXB0,MKS1,R279Q,0.915
Q9NXB0,MKS1,R279P,0.771
Q9NXB0,MKS1,R279N,0.85
Q9NXB0,MKS1,R279Y,0.759
Q9NXB0,MKS1,R279L,0.777
Q9NXB0,MKS1,R279I,0.735
Q9NXB0,MKS1,R279H,0.884
Q9NXB0,MKS1,R279G,0.798
Q9NXB0,MKS1,R279F,0.682
Q9NXB0,MKS1,R279E,0.82
Q9NXB0,MKS1,R279D,0.718
Q9NXB0,MKS1,R279C,0.789
Q9NXB0,MKS1,R279A,0.774
Q9NXB0,MKS1,R279K,0.955
Q9NXB0,MKS1,E280Q,0.881
Q9NXB0,MKS1,E280R,0.752
Q9NXB0,MKS1,E280S,0.749
Q9NXB0,MKS1,E280P,0.715
Q9NXB0,MKS1,E280V,0.757
Q9NXB0,MKS1,E280W,0.639
Q9NXB0,MKS1,E280Y,0.7
Q9NXB0,MKS1,E280T,0.744
Q9NXB0,MKS1,E280N,0.768
Q9NXB0,MKS1,E280M,0.732
Q9NXB0,MKS1,E280L,0.702
Q9NXB0,MKS1,E280C,0.641
Q9NXB0,MKS1,E280D,0.892
Q9NXB0,MKS1,E280F,0.658
Q9NXB0,MKS1,E280A,0.78
Q9NXB0,MKS1,E280H,0.759
Q9NXB0,MKS1,E280I,0.714
Q9NXB0,MKS1,E280K,0.837
Q9NXB0,MKS1,E280G,0.743
Q9NXB0,MKS1,R281N,0.913
Q9NXB0,MKS1,R281Y,0.83
Q9NXB0,MKS1,R281W,0.856
Q9NXB0,MKS1,R281V,0.808
Q9NXB0,MKS1,R281T,0.887
Q9NXB0,MKS1,R281S,0.883
Q9NXB0,MKS1,R281Q,0.976
Q9NXB0,MKS1,R281P,0.832
Q9NXB0,MKS1,R281M,0.891
Q9NXB0,MKS1,R281L,0.864
Q9NXB0,MKS1,R281K,1.021
Q9NXB0,MKS1,R281C,0.871
Q9NXB0,MKS1,R281D,0.751
Q9NXB0,MKS1,R281E,0.852
Q9NXB0,MKS1,R281A,0.825
Q9NXB0,MKS1,R281G,0.859
Q9NXB0,MKS1,R281H,0.953
Q9NXB0,MKS1,R281I,0.822
Q9NXB0,MKS1,R281F,0.742
Q9NXB0,MKS1,R282N,0.874
Q9NXB0,MKS1,R282Y,0.788
Q9NXB0,MKS1,R282W,0.804
Q9NXB0,MKS1,R282V,0.763
Q9NXB0,MKS1,R282T,0.846
Q9NXB0,MKS1,R282S,0.844
Q9NXB0,MKS1,R282Q,0.936
Q9NXB0,MKS1,R282P,0.795
Q9NXB0,MKS1,R282M,0.843
Q9NXB0,MKS1,R282L,0.812
Q9NXB0,MKS1,R282K,0.98
Q9NXB0,MKS1,R282C,0.825
Q9NXB0,MKS1,R282D,0.741
Q9NXB0,MKS1,R282E,0.838
Q9NXB0,MKS1,R282A,0.8
Q9NXB0,MKS1,R282G,0.822
Q9NXB0,MKS1,R282H,0.91
Q9NXB0,MKS1,R282I,0.77
Q9NXB0,MKS1,R282F,0.718
Q9NXB0,MKS1,V283N,0.718
Q9NXB0,MKS1,V283Y,0.742
Q9NXB0,MKS1,V283W,0.682
Q9NXB0,MKS1,V283T,0.849
Q9NXB0,MKS1,V283S,0.748
Q9NXB0,MKS1,V283R,0.71
Q9NXB0,MKS1,V283Q,0.735
Q9NXB0,MKS1,V283P,0.737
Q9NXB0,MKS1,V283M,0.872
Q9NXB0,MKS1,V283L,0.856
Q9NXB0,MKS1,V283K,0.736
Q9NXB0,MKS1,V283C,0.748
Q9NXB0,MKS1,V283D,0.724
Q9NXB0,MKS1,V283E,0.774
Q9NXB0,MKS1,V283A,0.834
Q9NXB0,MKS1,V283G,0.746
Q9NXB0,MKS1,V283H,0.694
Q9NXB0,MKS1,V283I,0.938
Q9NXB0,MKS1,V283F,0.788
Q9NXB0,MKS1,F284P,0.67
Q9NXB0,MKS1,F284Y,0.957
Q9NXB0,MKS1,F284W,0.824
Q9NXB0,MKS1,F284V,0.81
Q9NXB0,MKS1,F284T,0.762
Q9NXB0,MKS1,F284S,0.771
Q9NXB0,MKS1,F284R,0.718
Q9NXB0,MKS1,F284Q,0.726
Q9NXB0,MKS1,F284N,0.696
Q9NXB0,MKS1,F284M,0.818
Q9NXB0,MKS1,F284L,0.871
Q9NXB0,MKS1,F284C,0.774
Q9NXB0,MKS1,F284D,0.724
Q9NXB0,MKS1,F284E,0.654
Q9NXB0,MKS1,F284A,0.758
Q9NXB0,MKS1,F284H,0.786
Q9NXB0,MKS1,F284I,0.844
Q9NXB0,MKS1,F284K,0.696
Q9NXB0,MKS1,F284G,0.678
Q9NXB0,MKS1,K285P,0.811
Q9NXB0,MKS1,K285Y,0.754
Q9NXB0,MKS1,K285W,0.743
Q9NXB0,MKS1,K285V,0.798
Q9NXB0,MKS1,K285T,0.862
Q9NXB0,MKS1,K285S,0.867
Q9NXB0,MKS1,K285R,0.976
Q9NXB0,MKS1,K285Q,0.932
Q9NXB0,MKS1,K285N,0.905
Q9NXB0,MKS1,K285M,0.867
Q9NXB0,MKS1,K285L,0.785
Q9NXB0,MKS1,K285C,0.718
Q9NXB0,MKS1,K285D,0.81
Q9NXB0,MKS1,K285E,0.926
Q9NXB0,MKS1,K285A,0.83
Q9NXB0,MKS1,K285G,0.783
Q9NXB0,MKS1,K285H,0.835
Q9NXB0,MKS1,K285I,0.776
Q9NXB0,MKS1,K285F,0.726
Q9NXB0,MKS1,D286P,0.716
Q9NXB0,MKS1,D286Y,0.721
Q9NXB0,MKS1,D286W,0.596
Q9NXB0,MKS1,D286V,0.706
Q9NXB0,MKS1,D286T,0.751
Q9NXB0,MKS1,D286S,0.794
Q9NXB0,MKS1,D286R,0.674
Q9NXB0,MKS1,D286Q,0.775
Q9NXB0,MKS1,D286N,0.865
Q9NXB0,MKS1,D286M,0.688
Q9NXB0,MKS1,D286L,0.651
Q9NXB0,MKS1,D286C,0.665
Q9NXB0,MKS1,D286E,0.905
Q9NXB0,MKS1,D286F,0.698
Q9NXB0,MKS1,D286A,0.748
Q9NXB0,MKS1,D286H,0.76
Q9NXB0,MKS1,D286I,0.685
Q9NXB0,MKS1,D286K,0.734
Q9NXB0,MKS1,D286G,0.796
Q9NXB0,MKS1,L287P,0.786
Q9NXB0,MKS1,L287Y,0.776
Q9NXB0,MKS1,L287W,0.748
Q9NXB0,MKS1,L287V,0.883
Q9NXB0,MKS1,L287T,0.801
Q9NXB0,MKS1,L287S,0.784
Q9NXB0,MKS1,L287R,0.775
Q9NXB0,MKS1,L287Q,0.8
Q9NXB0,MKS1,L287N,0.712
Q9NXB0,MKS1,L287M,0.931
Q9NXB0,MKS1,L287K,0.75
Q9NXB0,MKS1,L287C,0.746
Q9NXB0,MKS1,L287D,0.678
Q9NXB0,MKS1,L287E,0.722
Q9NXB0,MKS1,L287A,0.79
Q9NXB0,MKS1,L287G,0.659
Q9NXB0,MKS1,L287H,0.76
Q9NXB0,MKS1,L287I,0.904
Q9NXB0,MKS1,L287F,0.84
Q9NXB0,MKS1,Y288M,0.796
Q9NXB0,MKS1,Y288V,0.774
Q9NXB0,MKS1,Y288T,0.764
Q9NXB0,MKS1,Y288S,0.782
Q9NXB0,MKS1,Y288R,0.75
Q9NXB0,MKS1,Y288Q,0.808
Q9NXB0,MKS1,Y288P,0.732
Q9NXB0,MKS1,Y288N,0.776
Q9NXB0,MKS1,Y288L,0.801
Q9NXB0,MKS1,Y288W,0.836
Q9NXB0,MKS1,Y288I,0.782
Q9NXB0,MKS1,Y288A,0.76
Q9NXB0,MKS1,Y288C,0.812
Q9NXB0,MKS1,Y288D,0.742
Q9NXB0,MKS1,Y288K,0.739
Q9NXB0,MKS1,Y288F,0.968
Q9NXB0,MKS1,Y288G,0.695
Q9NXB0,MKS1,Y288H,0.938
Q9NXB0,MKS1,Y288E,0.746
Q9NXB0,MKS1,G289P,0.722
Q9NXB0,MKS1,G289Y,0.688
Q9NXB0,MKS1,G289W,0.791
Q9NXB0,MKS1,G289V,0.822
Q9NXB0,MKS1,G289T,0.791
Q9NXB0,MKS1,G289S,0.898
Q9NXB0,MKS1,G289R,0.81
Q9NXB0,MKS1,G289Q,0.764
Q9NXB0,MKS1,G289N,0.835
Q9NXB0,MKS1,G289M,0.798
Q9NXB0,MKS1,G289L,0.742
Q9NXB0,MKS1,G289C,0.855
Q9NXB0,MKS1,G289D,0.803
Q9NXB0,MKS1,G289E,0.802
Q9NXB0,MKS1,G289A,0.95
Q9NXB0,MKS1,G289H,0.74
Q9NXB0,MKS1,G289I,0.766
Q9NXB0,MKS1,G289K,0.753
Q9NXB0,MKS1,G289F,0.742
Q9NXB0,MKS1,R290N,0.834
Q9NXB0,MKS1,R290Y,0.746
Q9NXB0,MKS1,R290W,0.759
Q9NXB0,MKS1,R290V,0.719
Q9NXB0,MKS1,R290T,0.804
Q9NXB0,MKS1,R290S,0.802
Q9NXB0,MKS1,R290Q,0.896
Q9NXB0,MKS1,R290P,0.752
Q9NXB0,MKS1,R290M,0.8
Q9NXB0,MKS1,R290L,0.77
Q9NXB0,MKS1,R290K,0.938
Q9NXB0,MKS1,R290C,0.776
Q9NXB0,MKS1,R290D,0.701
Q9NXB0,MKS1,R290E,0.798
Q9NXB0,MKS1,R290A,0.758
Q9NXB0,MKS1,R290G,0.78
Q9NXB0,MKS1,R290H,0.869
Q9NXB0,MKS1,R290I,0.724
Q9NXB0,MKS1,R290F,0.674
Q9NXB0,MKS1,H291P,0.714
Q9NXB0,MKS1,H291Y,0.858
Q9NXB0,MKS1,H291W,0.696
Q9NXB0,MKS1,H291V,0.652
Q9NXB0,MKS1,H291T,0.694
Q9NXB0,MKS1,H291S,0.726
Q9NXB0,MKS1,H291R,0.816
Q9NXB0,MKS1,H291Q,0.812
Q9NXB0,MKS1,H291N,0.834
Q9NXB0,MKS1,H291M,0.718
Q9NXB0,MKS1,H291L,0.702
Q9NXB0,MKS1,H291C,0.713
Q9NXB0,MKS1,H291D,0.75
Q9NXB0,MKS1,H291E,0.742
Q9NXB0,MKS1,H291A,0.681
Q9NXB0,MKS1,H291G,0.689
Q9NXB0,MKS1,H291I,0.664
Q9NXB0,MKS1,H291K,0.735
Q9NXB0,MKS1,H291F,0.748
Q9NXB0,MKS1,K292N,0.883
Q9NXB0,MKS1,K292W,0.734
Q9NXB0,MKS1,K292V,0.796
Q9NXB0,MKS1,K292T,0.845
Q9NXB0,MKS1,K292S,0.847
Q9NXB0,MKS1,K292R,0.954
Q9NXB0,MKS1,K292Q,0.91
Q9NXB0,MKS1,K292P,0.788
Q9NXB0,MKS1,K292M,0.864
Q9NXB0,MKS1,K292Y,0.742
Q9NXB0,MKS1,K292I,0.774
Q9NXB0,MKS1,K292A,0.816
Q9NXB0,MKS1,K292C,0.708
Q9NXB0,MKS1,K292D,0.788
Q9NXB0,MKS1,K292L,0.791
Q9NXB0,MKS1,K292F,0.728
Q9NXB0,MKS1,K292G,0.767
Q9NXB0,MKS1,K292H,0.818
Q9NXB0,MKS1,K292E,0.901
Q9NXB0,MKS1,E293P,0.788
Q9NXB0,MKS1,E293Y,0.733
Q9NXB0,MKS1,E293W,0.676
Q9NXB0,MKS1,E293V,0.808
Q9NXB0,MKS1,E293T,0.805
Q9NXB0,MKS1,E293S,0.822
Q9NXB0,MKS1,E293R,0.816
Q9NXB0,MKS1,E293Q,0.942
Q9NXB0,MKS1,E293N,0.835
Q9NXB0,MKS1,E293M,0.772
Q9NXB0,MKS1,E293L,0.736
Q9NXB0,MKS1,E293C,0.675
Q9NXB0,MKS1,E293D,0.956
Q9NXB0,MKS1,E293F,0.698
Q9NXB0,MKS1,E293A,0.839
Q9NXB0,MKS1,E293H,0.825
Q9NXB0,MKS1,E293I,0.749
Q9NXB0,MKS1,E293K,0.899
Q9NXB0,MKS1,E293G,0.806
Q9NXB0,MKS1,Y294M,0.818
Q9NXB0,MKS1,Y294V,0.795
Q9NXB0,MKS1,Y294T,0.775
Q9NXB0,MKS1,Y294S,0.788
Q9NXB0,MKS1,Y294R,0.736
Q9NXB0,MKS1,Y294Q,0.812
Q9NXB0,MKS1,Y294P,0.74
Q9NXB0,MKS1,Y294N,0.778
Q9NXB0,MKS1,Y294L,0.827
Q9NXB0,MKS1,Y294W,0.849
Q9NXB0,MKS1,Y294I,0.799
Q9NXB0,MKS1,Y294A,0.772
Q9NXB0,MKS1,Y294C,0.831
Q9NXB0,MKS1,Y294D,0.745
Q9NXB0,MKS1,Y294K,0.734
Q9NXB0,MKS1,Y294F,1.003
Q9NXB0,MKS1,Y294G,0.694
Q9NXB0,MKS1,Y294H,0.95
Q9NXB0,MKS1,Y294E,0.75
Q9NXB0,MKS1,L295N,0.637
Q9NXB0,MKS1,L295W,0.731
Q9NXB0,MKS1,L295V,0.846
Q9NXB0,MKS1,L295T,0.714
Q9NXB0,MKS1,L295S,0.675
Q9NXB0,MKS1,L295R,0.684
Q9NXB0,MKS1,L295Q,0.692
Q9NXB0,MKS1,L295P,0.632
Q9NXB0,MKS1,L295M,0.893
Q9NXB0,MKS1,L295Y,0.727
Q9NXB0,MKS1,L295I,0.877
Q9NXB0,MKS1,L295A,0.715
Q9NXB0,MKS1,L295C,0.743
Q9NXB0,MKS1,L295D,0.553
Q9NXB0,MKS1,L295K,0.655
Q9NXB0,MKS1,L295F,0.824
Q9NXB0,MKS1,L295G,0.578
Q9NXB0,MKS1,L295H,0.655
Q9NXB0,MKS1,L295E,0.602
Q9NXB0,MKS1,S296M,0.901
Q9NXB0,MKS1,S296W,0.788
Q9NXB0,MKS1,S296V,0.869
Q9NXB0,MKS1,S296T,1.002
Q9NXB0,MKS1,S296R,0.887
Q9NXB0,MKS1,S296Q,0.883
Q9NXB0,MKS1,S296P,0.928
Q9NXB0,MKS1,S296N,1.015
Q9NXB0,MKS1,S296Y,0.873
Q9NXB0,MKS1,S296L,0.882
Q9NXB0,MKS1,S296I,0.868
Q9NXB0,MKS1,S296H,0.874
Q9NXB0,MKS1,S296G,0.965
Q9NXB0,MKS1,S296F,0.894
Q9NXB0,MKS1,S296E,0.855
Q9NXB0,MKS1,S296D,0.886
Q9NXB0,MKS1,S296C,0.938
Q9NXB0,MKS1,S296A,0.996
Q9NXB0,MKS1,S296K,0.884
Q9NXB0,MKS1,S297N,0.968
Q9NXB0,MKS1,S297P,0.887
Q9NXB0,MKS1,S297Q,0.845
Q9NXB0,MKS1,S297M,0.867
Q9NXB0,MKS1,S297T,0.952
Q9NXB0,MKS1,S297V,0.836
Q9NXB0,MKS1,S297W,0.763
Q9NXB0,MKS1,S297R,0.854
Q9NXB0,MKS1,S297L,0.854
Q9NXB0,MKS1,S297Y,0.845
Q9NXB0,MKS1,S297I,0.842
Q9NXB0,MKS1,S297A,0.947
Q9NXB0,MKS1,S297C,0.89
Q9NXB0,MKS1,S297D,0.844
Q9NXB0,MKS1,S297K,0.849
Q9NXB0,MKS1,S297F,0.869
Q9NXB0,MKS1,S297G,0.914
Q9NXB0,MKS1,S297H,0.839
Q9NXB0,MKS1,S297E,0.814
Q9NXB0,MKS1,L298Y,0.718
Q9NXB0,MKS1,L298W,0.722
Q9NXB0,MKS1,L298V,0.854
Q9NXB0,MKS1,L298T,0.742
Q9NXB0,MKS1,L298S,0.728
Q9NXB0,MKS1,L298R,0.717
Q9NXB0,MKS1,L298Q,0.749
Q9NXB0,MKS1,L298N,0.649
Q9NXB0,MKS1,L298M,0.904
Q9NXB0,MKS1,L298P,0.736
Q9NXB0,MKS1,L298I,0.88
Q9NXB0,MKS1,L298K,0.678
Q9NXB0,MKS1,L298C,0.712
Q9NXB0,MKS1,L298D,0.594
Q9NXB0,MKS1,L298E,0.642
Q9NXB0,MKS1,L298A,0.734
Q9NXB0,MKS1,L298G,0.587
Q9NXB0,MKS1,L298H,0.716
Q9NXB0,MKS1,L298F,0.822
Q9NXB0,MKS1,V299M,0.794
Q9NXB0,MKS1,V299Y,0.647
Q9NXB0,MKS1,V299W,0.565
Q9NXB0,MKS1,V299T,0.735
Q9NXB0,MKS1,V299S,0.621
Q9NXB0,MKS1,V299R,0.576
Q9NXB0,MKS1,V299Q,0.62
Q9NXB0,MKS1,V299P,0.604
Q9NXB0,MKS1,V299L,0.761
Q9NXB0,MKS1,V299N,0.58
Q9NXB0,MKS1,V299I,0.866
Q9NXB0,MKS1,V299C,0.68
Q9NXB0,MKS1,V299D,0.583
Q9NXB0,MKS1,V299E,0.643
Q9NXB0,MKS1,V299A,0.747
Q9NXB0,MKS1,V299G,0.598
Q9NXB0,MKS1,V299H,0.566
Q9NXB0,MKS1,V299F,0.684
Q9NXB0,MKS1,V299K,0.612
Q9NXB0,MKS1,G300Y,0.604
Q9NXB0,MKS1,G300N,0.752
Q9NXB0,MKS1,G300W,0.67
Q9NXB0,MKS1,G300V,0.659
Q9NXB0,MKS1,G300T,0.674
Q9NXB0,MKS1,G300S,0.789
Q9NXB0,MKS1,G300R,0.704
Q9NXB0,MKS1,G300Q,0.668
Q9NXB0,MKS1,G300P,0.627
Q9NXB0,MKS1,G300M,0.617
Q9NXB0,MKS1,G300K,0.666
Q9NXB0,MKS1,G300I,0.59
Q9NXB0,MKS1,G300H,0.658
Q9NXB0,MKS1,G300F,0.621
Q9NXB0,MKS1,G300E,0.7
Q9NXB0,MKS1,G300D,0.732
Q9NXB0,MKS1,G300C,0.675
Q9NXB0,MKS1,G300A,0.794
Q9NXB0,MKS1,G300L,0.562
Q9NXB0,MKS1,T301N,0.928
Q9NXB0,MKS1,T301P,0.87
Q9NXB0,MKS1,T301Q,0.856
Q9NXB0,MKS1,T301M,0.942
Q9NXB0,MKS1,T301S,0.962
Q9NXB0,MKS1,T301V,0.923
Q9NXB0,MKS1,T301W,0.742
Q9NXB0,MKS1,T301R,0.871
Q9NXB0,MKS1,T301L,0.856
Q9NXB0,MKS1,T301Y,0.825
Q9NXB0,MKS1,T301I,0.93
Q9NXB0,MKS1,T301A,0.959
Q9NXB0,MKS1,T301C,0.877
Q9NXB0,MKS1,T301D,0.811
Q9NXB0,MKS1,T301K,0.882
Q9NXB0,MKS1,T301F,0.812
Q9NXB0,MKS1,T301G,0.82
Q9NXB0,MKS1,T301H,0.832
Q9NXB0,MKS1,T301E,0.83
Q9NXB0,MKS1,D302P,0.704
Q9NXB0,MKS1,D302Y,0.778
Q9NXB0,MKS1,D302W,0.642
Q9NXB0,MKS1,D302V,0.737
Q9NXB0,MKS1,D302T,0.764
Q9NXB0,MKS1,D302S,0.8
Q9NXB0,MKS1,D302R,0.71
Q9NXB0,MKS1,D302Q,0.796
Q9NXB0,MKS1,D302N,0.891
Q9NXB0,MKS1,D302E,0.914
Q9NXB0,MKS1,D302L,0.668
Q9NXB0,MKS1,D302C,0.719
Q9NXB0,MKS1,D302M,0.706
Q9NXB0,MKS1,D302F,0.726
Q9NXB0,MKS1,D302A,0.778
Q9NXB0,MKS1,D302H,0.812
Q9NXB0,MKS1,D302I,0.72
Q9NXB0,MKS1,D302K,0.762
Q9NXB0,MKS1,D302G,0.81
Q9NXB0,MKS1,F303N,0.583
Q9NXB0,MKS1,F303W,0.736
Q9NXB0,MKS1,F303V,0.699
Q9NXB0,MKS1,F303T,0.635
Q9NXB0,MKS1,F303S,0.66
Q9NXB0,MKS1,F303R,0.586
Q9NXB0,MKS1,F303Q,0.586
Q9NXB0,MKS1,F303P,0.516
Q9NXB0,MKS1,F303M,0.719
Q9NXB0,MKS1,F303Y,0.851
Q9NXB0,MKS1,F303K,0.568
Q9NXB0,MKS1,F303A,0.628
Q9NXB0,MKS1,F303C,0.676
Q9NXB0,MKS1,F303D,0.577
Q9NXB0,MKS1,F303L,0.753
Q9NXB0,MKS1,F303G,0.548
Q9NXB0,MKS1,F303H,0.697
Q9NXB0,MKS1,F303I,0.74
Q9NXB0,MKS1,F303E,0.541
Q9NXB0,MKS1,E304P,0.848
Q9NXB0,MKS1,E304W,0.79
Q9NXB0,MKS1,E304V,0.916
Q9NXB0,MKS1,E304T,0.885
Q9NXB0,MKS1,E304S,0.879
Q9NXB0,MKS1,E304R,0.902
Q9NXB0,MKS1,E304Q,1.03
Q9NXB0,MKS1,E304N,0.908
Q9NXB0,MKS1,E304Y,0.849
Q9NXB0,MKS1,E304M,0.887
Q9NXB0,MKS1,E304A,0.936
Q9NXB0,MKS1,E304C,0.788
Q9NXB0,MKS1,E304D,1.043
Q9NXB0,MKS1,E304F,0.8
Q9NXB0,MKS1,E304L,0.843
Q9NXB0,MKS1,E304H,0.905
Q9NXB0,MKS1,E304I,0.876
Q9NXB0,MKS1,E304K,0.979
Q9NXB0,MKS1,E304G,0.905
Q9NXB0,MKS1,M305N,0.846
Q9NXB0,MKS1,M305W,0.869
Q9NXB0,MKS1,M305V,1.0
Q9NXB0,MKS1,M305T,0.954
Q9NXB0,MKS1,M305S,0.886
Q9NXB0,MKS1,M305R,0.902
Q9NXB0,MKS1,M305Q,0.924
Q9NXB0,MKS1,M305P,0.821
Q9NXB0,MKS1,M305Y,0.847
Q9NXB0,MKS1,M305K,0.916
Q9NXB0,MKS1,M305I,0.977
Q9NXB0,MKS1,M305H,0.84
Q9NXB0,MKS1,M305G,0.778
Q9NXB0,MKS1,M305F,0.895
Q9NXB0,MKS1,M305E,0.842
Q9NXB0,MKS1,M305D,0.756
Q9NXB0,MKS1,M305C,0.851
Q9NXB0,MKS1,M305A,0.906
Q9NXB0,MKS1,M305L,1.012
Q9NXB0,MKS1,T306N,0.911
Q9NXB0,MKS1,T306P,0.857
Q9NXB0,MKS1,T306Q,0.825
Q9NXB0,MKS1,T306M,0.962
Q9NXB0,MKS1,T306S,0.953
Q9NXB0,MKS1,T306V,0.952
Q9NXB0,MKS1,T306W,0.738
Q9NXB0,MKS1,T306R,0.837
Q9NXB0,MKS1,T306Y,0.821
Q9NXB0,MKS1,T306L,0.895
Q9NXB0,MKS1,T306I,0.96
Q9NXB0,MKS1,T306A,0.941
Q9NXB0,MKS1,T306C,0.876
Q9NXB0,MKS1,T306D,0.781
Q9NXB0,MKS1,T306K,0.841
Q9NXB0,MKS1,T306F,0.84
Q9NXB0,MKS1,T306G,0.811
Q9NXB0,MKS1,T306H,0.815
Q9NXB0,MKS1,T306E,0.801
Q9NXB0,MKS1,V307N,0.94
Q9NXB0,MKS1,V307Y,0.968
Q9NXB0,MKS1,V307W,0.91
Q9NXB0,MKS1,V307T,1.073
Q9NXB0,MKS1,V307S,0.964
Q9NXB0,MKS1,V307R,0.932
Q9NXB0,MKS1,V307Q,0.956
Q9NXB0,MKS1,V307P,0.95
Q9NXB0,MKS1,V307M,1.119
Q9NXB0,MKS1,V307L,1.095
Q9NXB0,MKS1,V307K,0.952
Q9NXB0,MKS1,V307C,0.988
Q9NXB0,MKS1,V307D,0.948
Q9NXB0,MKS1,V307E,0.996
Q9NXB0,MKS1,V307A,1.074
Q9NXB0,MKS1,V307G,0.972
Q9NXB0,MKS1,V307H,0.917
Q9NXB0,MKS1,V307I,1.189
Q9NXB0,MKS1,V307F,1.021
Q9NXB0,MKS1,P308N,0.826
Q9NXB0,MKS1,P308Y,0.826
Q9NXB0,MKS1,P308W,0.706
Q9NXB0,MKS1,P308V,0.874
Q9NXB0,MKS1,P308T,0.928
Q9NXB0,MKS1,P308S,0.936
Q9NXB0,MKS1,P308R,0.857
Q9NXB0,MKS1,P308Q,0.934
Q9NXB0,MKS1,P308M,0.881
Q9NXB0,MKS1,P308L,0.901
Q9NXB0,MKS1,P308K,0.833
Q9NXB0,MKS1,P308C,0.809
Q9NXB0,MKS1,P308D,0.808
Q9NXB0,MKS1,P308E,0.854
Q9NXB0,MKS1,P308A,0.941
Q9NXB0,MKS1,P308G,0.811
Q9NXB0,MKS1,P308H,0.889
Q9NXB0,MKS1,P308I,0.838
Q9NXB0,MKS1,P308F,0.798
Q9NXB0,MKS1,G309P,0.732
Q9NXB0,MKS1,G309Y,0.704
Q9NXB0,MKS1,G309W,0.767
Q9NXB0,MKS1,G309V,0.8
Q9NXB0,MKS1,G309T,0.792
Q9NXB0,MKS1,G309S,0.909
Q9NXB0,MKS1,G309R,0.83
Q9NXB0,MKS1,G309Q,0.774
Q9NXB0,MKS1,G309N,0.864
Q9NXB0,MKS1,G309M,0.728
Q9NXB0,MKS1,G309L,0.686
Q9NXB0,MKS1,G309C,0.802
Q9NXB0,MKS1,G309D,0.846
Q9NXB0,MKS1,G309E,0.83
Q9NXB0,MKS1,G309A,0.891
Q9NXB0,MKS1,G309H,0.757
Q9NXB0,MKS1,G309I,0.727
Q9NXB0,MKS1,G309K,0.774
Q9NXB0,MKS1,G309F,0.736
Q9NXB0,MKS1,A310N,0.872
Q9NXB0,MKS1,A310W,0.817
Q9NXB0,MKS1,A310V,1.039
Q9NXB0,MKS1,A310T,1.005
Q9NXB0,MKS1,A310S,1.01
Q9NXB0,MKS1,A310R,0.839
Q9NXB0,MKS1,A310Q,0.886
Q9NXB0,MKS1,A310P,0.946
Q9NXB0,MKS1,A310M,0.973
Q9NXB0,MKS1,A310Y,0.864
Q9NXB0,MKS1,A310K,0.865
Q9NXB0,MKS1,A310C,0.972
Q9NXB0,MKS1,A310D,0.868
Q9NXB0,MKS1,A310E,0.912
Q9NXB0,MKS1,A310L,0.956
Q9NXB0,MKS1,A310G,0.97
Q9NXB0,MKS1,A310H,0.835
Q9NXB0,MKS1,A310I,0.964
Q9NXB0,MKS1,A310F,0.907
Q9NXB0,MKS1,L311P,0.704
Q9NXB0,MKS1,L311Y,0.721
Q9NXB0,MKS1,L311W,0.688
Q9NXB0,MKS1,L311V,0.843
Q9NXB0,MKS1,L311T,0.724
Q9NXB0,MKS1,L311S,0.699
Q9NXB0,MKS1,L311R,0.688
Q9NXB0,MKS1,L311Q,0.713
Q9NXB0,MKS1,L311N,0.622
Q9NXB0,MKS1,L311M,0.892
Q9NXB0,MKS1,L311K,0.652
Q9NXB0,MKS1,L311C,0.697
Q9NXB0,MKS1,L311D,0.577
Q9NXB0,MKS1,L311E,0.629
Q9NXB0,MKS1,L311A,0.72
Q9NXB0,MKS1,L311G,0.58
Q9NXB0,MKS1,L311H,0.682
Q9NXB0,MKS1,L311I,0.874
Q9NXB0,MKS1,L311F,0.818
Q9NXB0,MKS1,R312M,0.787
Q9NXB0,MKS1,R312W,0.713
Q9NXB0,MKS1,R312V,0.702
Q9NXB0,MKS1,R312T,0.754
Q9NXB0,MKS1,R312S,0.746
Q9NXB0,MKS1,R312Q,0.836
Q9NXB0,MKS1,R312P,0.697
Q9NXB0,MKS1,R312N,0.773
Q9NXB0,MKS1,R312L,0.773
Q9NXB0,MKS1,R312Y,0.716
Q9NXB0,MKS1,R312I,0.71
Q9NXB0,MKS1,R312A,0.712
Q9NXB0,MKS1,R312C,0.75
Q9NXB0,MKS1,R312D,0.635
Q9NXB0,MKS1,R312K,0.874
Q9NXB0,MKS1,R312F,0.661
Q9NXB0,MKS1,R312G,0.726
Q9NXB0,MKS1,R312H,0.822
Q9NXB0,MKS1,R312E,0.73
Q9NXB0,MKS1,L313N,0.577
Q9NXB0,MKS1,L313W,0.686
Q9NXB0,MKS1,L313V,0.839
Q9NXB0,MKS1,L313T,0.686
Q9NXB0,MKS1,L313S,0.655
Q9NXB0,MKS1,L313R,0.646
Q9NXB0,MKS1,L313Q,0.671
Q9NXB0,MKS1,L313P,0.668
Q9NXB0,MKS1,L313M,0.889
Q9NXB0,MKS1,L313Y,0.705
Q9NXB0,MKS1,L313I,0.88
Q9NXB0,MKS1,L313A,0.69
Q9NXB0,MKS1,L313C,0.692
Q9NXB0,MKS1,L313D,0.532
Q9NXB0,MKS1,L313K,0.598
Q9NXB0,MKS1,L313F,0.828
Q9NXB0,MKS1,L313G,0.544
Q9NXB0,MKS1,L313H,0.655
Q9NXB0,MKS1,L313E,0.578
Q9NXB0,MKS1,F314N,0.724
Q9NXB0,MKS1,F314W,0.857
Q9NXB0,MKS1,F314V,0.852
Q9NXB0,MKS1,F314T,0.795
Q9NXB0,MKS1,F314S,0.802
Q9NXB0,MKS1,F314R,0.746
Q9NXB0,MKS1,F314Q,0.758
Q9NXB0,MKS1,F314P,0.704
Q9NXB0,MKS1,F314Y,0.997
Q9NXB0,MKS1,F314M,0.86
Q9NXB0,MKS1,F314K,0.726
Q9NXB0,MKS1,F314I,0.891
Q9NXB0,MKS1,F314H,0.821
Q9NXB0,MKS1,F314G,0.709
Q9NXB0,MKS1,F314E,0.71
Q9NXB0,MKS1,F314D,0.75
Q9NXB0,MKS1,F314C,0.813
Q9NXB0,MKS1,F314A,0.792
Q9NXB0,MKS1,F314L,0.918
Q9NXB0,MKS1,V315P,0.506
Q9NXB0,MKS1,V315Q,0.537
Q9NXB0,MKS1,V315R,0.452
Q9NXB0,MKS1,V315N,0.476
Q9NXB0,MKS1,V315T,0.676
Q9NXB0,MKS1,V315W,0.538
Q9NXB0,MKS1,V315Y,0.613
Q9NXB0,MKS1,V315S,0.548
Q9NXB0,MKS1,V315M,0.823
Q9NXB0,MKS1,V315L,0.828
Q9NXB0,MKS1,V315K,0.484
Q9NXB0,MKS1,V315C,0.714
Q9NXB0,MKS1,V315D,0.448
Q9NXB0,MKS1,V315E,0.514
Q9NXB0,MKS1,V315A,0.732
Q9NXB0,MKS1,V315G,0.536
Q9NXB0,MKS1,V315H,0.495
Q9NXB0,MKS1,V315I,0.909
Q9NXB0,MKS1,V315F,0.716
Q9NXB0,MKS1,N316P,0.687
Q9NXB0,MKS1,N316Y,0.743
Q9NXB0,MKS1,N316W,0.603
Q9NXB0,MKS1,N316V,0.706
Q9NXB0,MKS1,N316T,0.836
Q9NXB0,MKS1,N316S,0.882
Q9NXB0,MKS1,N316R,0.776
Q9NXB0,MKS1,N316Q,0.795
Q9NXB0,MKS1,N316M,0.745
Q9NXB0,MKS1,N316L,0.694
Q9NXB0,MKS1,N316K,0.804
Q9NXB0,MKS1,N316C,0.699
Q9NXB0,MKS1,N316D,0.853
Q9NXB0,MKS1,N316E,0.762
Q9NXB0,MKS1,N316A,0.742
Q9NXB0,MKS1,N316G,0.81
Q9NXB0,MKS1,N316H,0.865
Q9NXB0,MKS1,N316I,0.711
Q9NXB0,MKS1,N316F,0.718
Q9NXB0,MKS1,G317P,0.36
Q9NXB0,MKS1,G317Y,0.298
Q9NXB0,MKS1,G317W,0.391
Q9NXB0,MKS1,G317V,0.462
Q9NXB0,MKS1,G317T,0.434
Q9NXB0,MKS1,G317S,0.57
Q9NXB0,MKS1,G317R,0.407
Q9NXB0,MKS1,G317Q,0.363
Q9NXB0,MKS1,G317N,0.478
Q9NXB0,MKS1,G317M,0.448
Q9NXB0,MKS1,G317L,0.376
Q9NXB0,MKS1,G317C,0.496
Q9NXB0,MKS1,G317D,0.414
Q9NXB0,MKS1,G317E,0.402
Q9NXB0,MKS1,G317A,0.645
Q9NXB0,MKS1,G317H,0.336
Q9NXB0,MKS1,G317I,0.395
Q9NXB0,MKS1,G317K,0.356
Q9NXB0,MKS1,G317F,0.374
Q9NXB0,MKS1,E318P,0.431
Q9NXB0,MKS1,E318Y,0.575
Q9NXB0,MKS1,E318W,0.471
Q9NXB0,MKS1,E318V,0.596
Q9NXB0,MKS1,E318T,0.562
Q9NXB0,MKS1,E318S,0.576
Q9NXB0,MKS1,E318R,0.614
Q9NXB0,MKS1,E318Q,0.75
Q9NXB0,MKS1,E318N,0.58
Q9NXB0,MKS1,E318M,0.627
Q9NXB0,MKS1,E318L,0.528
Q9NXB0,MKS1,E318C,0.508
Q9NXB0,MKS1,E318D,0.728
Q9NXB0,MKS1,E318F,0.491
Q9NXB0,MKS1,E318A,0.631
Q9NXB0,MKS1,E318H,0.609
Q9NXB0,MKS1,E318I,0.529
Q9NXB0,MKS1,E318K,0.647
Q9NXB0,MKS1,E318G,0.554
Q9NXB0,MKS1,V319N,0.394
Q9NXB0,MKS1,V319Y,0.542
Q9NXB0,MKS1,V319W,0.483
Q9NXB0,MKS1,V319T,0.592
Q9NXB0,MKS1,V319S,0.462
Q9NXB0,MKS1,V319R,0.376
Q9NXB0,MKS1,V319Q,0.452
Q9NXB0,MKS1,V319P,0.424
Q9NXB0,MKS1,V319M,0.764
Q9NXB0,MKS1,V319L,0.779
Q9NXB0,MKS1,V319K,0.396
Q9NXB0,MKS1,V319C,0.64
Q9NXB0,MKS1,V319D,0.384
Q9NXB0,MKS1,V319E,0.442
Q9NXB0,MKS1,V319A,0.653
Q9NXB0,MKS1,V319G,0.464
Q9NXB0,MKS1,V319H,0.418
Q9NXB0,MKS1,V319I,0.851
Q9NXB0,MKS1,V319F,0.665
Q9NXB0,MKS1,V320N,0.404
Q9NXB0,MKS1,V320Y,0.516
Q9NXB0,MKS1,V320W,0.418
Q9NXB0,MKS1,V320T,0.597
Q9NXB0,MKS1,V320S,0.475
Q9NXB0,MKS1,V320R,0.378
Q9NXB0,MKS1,V320Q,0.463
Q9NXB0,MKS1,V320P,0.424
Q9NXB0,MKS1,V320M,0.704
Q9NXB0,MKS1,V320L,0.698
Q9NXB0,MKS1,V320K,0.422
Q9NXB0,MKS1,V320C,0.597
Q9NXB0,MKS1,V320D,0.386
Q9NXB0,MKS1,V320E,0.45
Q9NXB0,MKS1,V320A,0.635
Q9NXB0,MKS1,V320G,0.446
Q9NXB0,MKS1,V320H,0.406
Q9NXB0,MKS1,V320I,0.784
Q9NXB0,MKS1,V320F,0.589
Q9NXB0,MKS1,S321N,0.698
Q9NXB0,MKS1,S321Y,0.624
Q9NXB0,MKS1,S321W,0.575
Q9NXB0,MKS1,S321V,0.623
Q9NXB0,MKS1,S321T,0.754
Q9NXB0,MKS1,S321R,0.588
Q9NXB0,MKS1,S321Q,0.604
Q9NXB0,MKS1,S321P,0.591
Q9NXB0,MKS1,S321M,0.696
Q9NXB0,MKS1,S321L,0.654
Q9NXB0,MKS1,S321K,0.552
Q9NXB0,MKS1,S321C,0.752
Q9NXB0,MKS1,S321D,0.594
Q9NXB0,MKS1,S321E,0.556
Q9NXB0,MKS1,S321A,0.776
Q9NXB0,MKS1,S321G,0.694
Q9NXB0,MKS1,S321H,0.628
Q9NXB0,MKS1,S321I,0.642
Q9NXB0,MKS1,S321F,0.628
Q9NXB0,MKS1,A322P,0.469
Q9NXB0,MKS1,A322Y,0.464
Q9NXB0,MKS1,A322W,0.355
Q9NXB0,MKS1,A322V,0.695
Q9NXB0,MKS1,A322T,0.607
Q9NXB0,MKS1,A322S,0.62
Q9NXB0,MKS1,A322R,0.418
Q9NXB0,MKS1,A322Q,0.445
Q9NXB0,MKS1,A322N,0.414
Q9NXB0,MKS1,A322M,0.627
Q9NXB0,MKS1,A322L,0.644
Q9NXB0,MKS1,A322D,0.378
Q9NXB0,MKS1,A322E,0.435
Q9NXB0,MKS1,A322F,0.549
Q9NXB0,MKS1,A322C,0.664
Q9NXB0,MKS1,A322H,0.424
Q9NXB0,MKS1,A322I,0.629
Q9NXB0,MKS1,A322K,0.403
Q9NXB0,MKS1,A322G,0.61
Q9NXB0,MKS1,Q323M,0.871
Q9NXB0,MKS1,Q323W,0.712
Q9NXB0,MKS1,Q323V,0.79
Q9NXB0,MKS1,Q323T,0.809
Q9NXB0,MKS1,Q323S,0.817
Q9NXB0,MKS1,Q323R,0.893
Q9NXB0,MKS1,Q323P,0.815
Q9NXB0,MKS1,Q323N,0.828
Q9NXB0,MKS1,Q323L,0.83
Q9NXB0,MKS1,Q323Y,0.785
Q9NXB0,MKS1,Q323I,0.756
Q9NXB0,MKS1,Q323A,0.806
Q9NXB0,MKS1,Q323C,0.734
Q9NXB0,MKS1,Q323D,0.799
Q9NXB0,MKS1,Q323K,0.876
Q9NXB0,MKS1,Q323F,0.743
Q9NXB0,MKS1,Q323G,0.748
Q9NXB0,MKS1,Q323H,0.872
Q9NXB0,MKS1,Q323E,0.908
Q9NXB0,MKS1,G324P,0.677
Q9NXB0,MKS1,G324Y,0.659
Q9NXB0,MKS1,G324W,0.714
Q9NXB0,MKS1,G324V,0.706
Q9NXB0,MKS1,G324T,0.71
Q9NXB0,MKS1,G324S,0.822
Q9NXB0,MKS1,G324R,0.739
Q9NXB0,MKS1,G324Q,0.702
Q9NXB0,MKS1,G324N,0.804
Q9NXB0,MKS1,G324M,0.62
Q9NXB0,MKS1,G324L,0.61
Q9NXB0,MKS1,G324C,0.702
Q9NXB0,MKS1,G324D,0.77
Q9NXB0,MKS1,G324E,0.728
Q9NXB0,MKS1,G324A,0.804
Q9NXB0,MKS1,G324H,0.704
Q9NXB0,MKS1,G324I,0.634
Q9NXB0,MKS1,G324K,0.7
Q9NXB0,MKS1,G324F,0.686
Q9NXB0,MKS1,Y325N,0.488
Q9NXB0,MKS1,Y325W,0.698
Q9NXB0,MKS1,Y325V,0.603
Q9NXB0,MKS1,Y325T,0.468
Q9NXB0,MKS1,Y325S,0.471
Q9NXB0,MKS1,Y325R,0.485
Q9NXB0,MKS1,Y325Q,0.514
Q9NXB0,MKS1,Y325P,0.368
Q9NXB0,MKS1,Y325M,0.595
Q9NXB0,MKS1,Y325L,0.659
Q9NXB0,MKS1,Y325K,0.414
Q9NXB0,MKS1,Y325C,0.612
Q9NXB0,MKS1,Y325D,0.391
Q9NXB0,MKS1,Y325E,0.392
Q9NXB0,MKS1,Y325A,0.482
Q9NXB0,MKS1,Y325G,0.448
Q9NXB0,MKS1,Y325H,0.68
Q9NXB0,MKS1,Y325I,0.608
Q9NXB0,MKS1,Y325F,0.831
Q9NXB0,MKS1,E326P,0.663
Q9NXB0,MKS1,E326Y,0.637
Q9NXB0,MKS1,E326W,0.583
Q9NXB0,MKS1,E326V,0.698
Q9NXB0,MKS1,E326T,0.684
Q9NXB0,MKS1,E326S,0.698
Q9NXB0,MKS1,E326R,0.704
Q9NXB0,MKS1,E326Q,0.826
Q9NXB0,MKS1,E326N,0.715
Q9NXB0,MKS1,E326M,0.667
Q9NXB0,MKS1,E326L,0.641
Q9NXB0,MKS1,E326C,0.558
Q9NXB0,MKS1,E326D,0.841
Q9NXB0,MKS1,E326F,0.604
Q9NXB0,MKS1,E326A,0.714
Q9NXB0,MKS1,E326H,0.716
Q9NXB0,MKS1,E326I,0.654
Q9NXB0,MKS1,E326K,0.772
Q9NXB0,MKS1,E326G,0.676
Q9NXB0,MKS1,Y327M,0.632
Q9NXB0,MKS1,Y327V,0.608
Q9NXB0,MKS1,Y327T,0.589
Q9NXB0,MKS1,Y327S,0.601
Q9NXB0,MKS1,Y327R,0.552
Q9NXB0,MKS1,Y327Q,0.627
Q9NXB0,MKS1,Y327P,0.55
Q9NXB0,MKS1,Y327N,0.592
Q9NXB0,MKS1,Y327L,0.647
Q9NXB0,MKS1,Y327W,0.668
Q9NXB0,MKS1,Y327I,0.615
Q9NXB0,MKS1,Y327A,0.58
Q9NXB0,MKS1,Y327C,0.64
Q9NXB0,MKS1,Y327D,0.566
Q9NXB0,MKS1,Y327K,0.544
Q9NXB0,MKS1,Y327F,0.821
Q9NXB0,MKS1,Y327G,0.505
Q9NXB0,MKS1,Y327H,0.764
Q9NXB0,MKS1,Y327E,0.568
Q9NXB0,MKS1,D328P,0.664
Q9NXB0,MKS1,D328Y,0.667
Q9NXB0,MKS1,D328W,0.536
Q9NXB0,MKS1,D328V,0.651
Q9NXB0,MKS1,D328T,0.7
Q9NXB0,MKS1,D328S,0.745
Q9NXB0,MKS1,D328R,0.626
Q9NXB0,MKS1,D328Q,0.725
Q9NXB0,MKS1,D328N,0.816
Q9NXB0,MKS1,D328M,0.635
Q9NXB0,MKS1,D328L,0.592
Q9NXB0,MKS1,D328C,0.612
Q9NXB0,MKS1,D328E,0.852
Q9NXB0,MKS1,D328F,0.643
Q9NXB0,MKS1,D328A,0.696
Q9NXB0,MKS1,D328H,0.71
Q9NXB0,MKS1,D328I,0.631
Q9NXB0,MKS1,D328K,0.687
Q9NXB0,MKS1,D328G,0.746
Q9NXB0,MKS1,N329M,0.663
Q9NXB0,MKS1,N329W,0.534
Q9NXB0,MKS1,N329V,0.623
Q9NXB0,MKS1,N329T,0.758
Q9NXB0,MKS1,N329S,0.805
Q9NXB0,MKS1,N329R,0.7
Q9NXB0,MKS1,N329Q,0.718
Q9NXB0,MKS1,N329P,0.608
Q9NXB0,MKS1,N329L,0.611
Q9NXB0,MKS1,N329Y,0.666
Q9NXB0,MKS1,N329I,0.646
Q9NXB0,MKS1,N329A,0.662
Q9NXB0,MKS1,N329C,0.629
Q9NXB0,MKS1,N329D,0.779
Q9NXB0,MKS1,N329K,0.728
Q9NXB0,MKS1,N329F,0.636
Q9NXB0,MKS1,N329G,0.732
Q9NXB0,MKS1,N329H,0.789
Q9NXB0,MKS1,N329E,0.686
Q9NXB0,MKS1,L330N,0.328
Q9NXB0,MKS1,L330W,0.462
Q9NXB0,MKS1,L330V,0.63
Q9NXB0,MKS1,L330T,0.439
Q9NXB0,MKS1,L330S,0.381
Q9NXB0,MKS1,L330R,0.371
Q9NXB0,MKS1,L330Q,0.375
Q9NXB0,MKS1,L330P,0.33
Q9NXB0,MKS1,L330M,0.674
Q9NXB0,MKS1,L330Y,0.457
Q9NXB0,MKS1,L330I,0.673
Q9NXB0,MKS1,L330A,0.452
Q9NXB0,MKS1,L330C,0.508
Q9NXB0,MKS1,L330D,0.21
Q9NXB0,MKS1,L330K,0.347
Q9NXB0,MKS1,L330F,0.608
Q9NXB0,MKS1,L330G,0.284
Q9NXB0,MKS1,L330H,0.328
Q9NXB0,MKS1,L330E,0.264
Q9NXB0,MKS1,Y331M,0.555
Q9NXB0,MKS1,Y331V,0.561
Q9NXB0,MKS1,Y331T,0.444
Q9NXB0,MKS1,Y331S,0.448
Q9NXB0,MKS1,Y331R,0.466
Q9NXB0,MKS1,Y331Q,0.5
Q9NXB0,MKS1,Y331P,0.34
Q9NXB0,MKS1,Y331N,0.468
Q9NXB0,MKS1,Y331W,0.659
Q9NXB0,MKS1,Y331L,0.604
Q9NXB0,MKS1,Y331I,0.561
Q9NXB0,MKS1,Y331H,0.656
Q9NXB0,MKS1,Y331G,0.423
Q9NXB0,MKS1,Y331F,0.779
Q9NXB0,MKS1,Y331E,0.385
Q9NXB0,MKS1,Y331D,0.364
Q9NXB0,MKS1,Y331C,0.573
Q9NXB0,MKS1,Y331A,0.457
Q9NXB0,MKS1,Y331K,0.403
Q9NXB0,MKS1,V332N,0.353
Q9NXB0,MKS1,V332P,0.376
Q9NXB0,MKS1,V332Q,0.401
Q9NXB0,MKS1,V332M,0.696
Q9NXB0,MKS1,V332S,0.414
Q9NXB0,MKS1,V332T,0.542
Q9NXB0,MKS1,V332W,0.422
Q9NXB0,MKS1,V332R,0.33
Q9NXB0,MKS1,V332L,0.71
Q9NXB0,MKS1,V332Y,0.482
Q9NXB0,MKS1,V332I,0.788
Q9NXB0,MKS1,V332A,0.6
Q9NXB0,MKS1,V332C,0.587
Q9NXB0,MKS1,V332D,0.343
Q9NXB0,MKS1,V332K,0.354
Q9NXB0,MKS1,V332F,0.596
Q9NXB0,MKS1,V332G,0.421
Q9NXB0,MKS1,V332H,0.362
Q9NXB0,MKS1,V332E,0.399
Q9NXB0,MKS1,H333Y,0.846
Q9NXB0,MKS1,H333W,0.688
Q9NXB0,MKS1,H333V,0.64
Q9NXB0,MKS1,H333T,0.674
Q9NXB0,MKS1,H333S,0.702
Q9NXB0,MKS1,H333R,0.794
Q9NXB0,MKS1,H333Q,0.784
Q9NXB0,MKS1,H333N,0.808
Q9NXB0,MKS1,H333M,0.705
Q9NXB0,MKS1,H333P,0.686
Q9NXB0,MKS1,H333K,0.706
Q9NXB0,MKS1,H333L,0.7
Q9NXB0,MKS1,H333C,0.7
Q9NXB0,MKS1,H333D,0.721
Q9NXB0,MKS1,H333E,0.711
Q9NXB0,MKS1,H333A,0.658
Q9NXB0,MKS1,H333G,0.665
Q9NXB0,MKS1,H333I,0.653
Q9NXB0,MKS1,H333F,0.745
Q9NXB0,MKS1,F334N,0.388
Q9NXB0,MKS1,F334Y,0.704
Q9NXB0,MKS1,F334W,0.606
Q9NXB0,MKS1,F334V,0.584
Q9NXB0,MKS1,F334T,0.448
Q9NXB0,MKS1,F334S,0.481
Q9NXB0,MKS1,F334R,0.355
Q9NXB0,MKS1,F334Q,0.34
Q9NXB0,MKS1,F334M,0.6
Q9NXB0,MKS1,F334P,0.282
Q9NXB0,MKS1,F334K,0.33
Q9NXB0,MKS1,F334C,0.561
Q9NXB0,MKS1,F334D,0.318
Q9NXB0,MKS1,F334E,0.258
Q9NXB0,MKS1,F334A,0.458
Q9NXB0,MKS1,F334H,0.518
Q9NXB0,MKS1,F334I,0.615
Q9NXB0,MKS1,F334G,0.372
Q9NXB0,MKS1,F334L,0.648
Q9NXB0,MKS1,F335Y,0.78
Q9NXB0,MKS1,F335N,0.516
Q9NXB0,MKS1,F335W,0.64
Q9NXB0,MKS1,F335V,0.642
Q9NXB0,MKS1,F335T,0.588
Q9NXB0,MKS1,F335S,0.595
Q9NXB0,MKS1,F335R,0.537
Q9NXB0,MKS1,F335Q,0.549
Q9NXB0,MKS1,F335P,0.5
Q9NXB0,MKS1,F335M,0.649
Q9NXB0,MKS1,F335K,0.522
Q9NXB0,MKS1,F335I,0.674
Q9NXB0,MKS1,F335H,0.609
Q9NXB0,MKS1,F335G,0.504
Q9NXB0,MKS1,F335E,0.502
Q9NXB0,MKS1,F335D,0.542
Q9NXB0,MKS1,F335C,0.602
Q9NXB0,MKS1,F335A,0.587
Q9NXB0,MKS1,F335L,0.702
Q9NXB0,MKS1,V336N,0.524
Q9NXB0,MKS1,V336P,0.548
Q9NXB0,MKS1,V336Q,0.583
Q9NXB0,MKS1,V336M,0.868
Q9NXB0,MKS1,V336S,0.589
Q9NXB0,MKS1,V336T,0.718
Q9NXB0,MKS1,V336W,0.599
Q9NXB0,MKS1,V336R,0.508
Q9NXB0,MKS1,V336L,0.874
Q9NXB0,MKS1,V336Y,0.663
Q9NXB0,MKS1,V336I,0.956
Q9NXB0,MKS1,V336A,0.773
Q9NXB0,MKS1,V336C,0.75
Q9NXB0,MKS1,V336D,0.502
Q9NXB0,MKS1,V336K,0.529
Q9NXB0,MKS1,V336F,0.764
Q9NXB0,MKS1,V336G,0.58
Q9NXB0,MKS1,V336H,0.54
Q9NXB0,MKS1,V336E,0.562
Q9NXB0,MKS1,E337P,0.708
Q9NXB0,MKS1,E337Y,0.678
Q9NXB0,MKS1,E337W,0.635
Q9NXB0,MKS1,E337V,0.76
Q9NXB0,MKS1,E337T,0.726
Q9NXB0,MKS1,E337S,0.738
Q9NXB0,MKS1,E337R,0.736
Q9NXB0,MKS1,E337Q,0.86
Q9NXB0,MKS1,E337N,0.748
Q9NXB0,MKS1,E337D,0.867
Q9NXB0,MKS1,E337L,0.707
Q9NXB0,MKS1,E337C,0.617
Q9NXB0,MKS1,E337M,0.727
Q9NXB0,MKS1,E337F,0.67
Q9NXB0,MKS1,E337A,0.766
Q9NXB0,MKS1,E337H,0.754
Q9NXB0,MKS1,E337I,0.714
Q9NXB0,MKS1,E337K,0.808
Q9NXB0,MKS1,E337G,0.722
Q9NXB0,MKS1,L338N,0.564
Q9NXB0,MKS1,L338W,0.666
Q9NXB0,MKS1,L338V,0.809
Q9NXB0,MKS1,L338T,0.667
Q9NXB0,MKS1,L338S,0.639
Q9NXB0,MKS1,L338R,0.637
Q9NXB0,MKS1,L338Q,0.659
Q9NXB0,MKS1,L338P,0.648
Q9NXB0,MKS1,L338M,0.859
Q9NXB0,MKS1,L338Y,0.688
Q9NXB0,MKS1,L338I,0.851
Q9NXB0,MKS1,L338A,0.668
Q9NXB0,MKS1,L338C,0.658
Q9NXB0,MKS1,L338D,0.522
Q9NXB0,MKS1,L338K,0.588
Q9NXB0,MKS1,L338F,0.8
Q9NXB0,MKS1,L338G,0.522
Q9NXB0,MKS1,L338H,0.64
Q9NXB0,MKS1,L338E,0.569
Q9NXB0,MKS1,P339N,0.482
Q9NXB0,MKS1,P339W,0.393
Q9NXB0,MKS1,P339V,0.608
Q9NXB0,MKS1,P339T,0.639
Q9NXB0,MKS1,P339S,0.633
Q9NXB0,MKS1,P339R,0.518
Q9NXB0,MKS1,P339Q,0.598
Q9NXB0,MKS1,P339M,0.634
Q9NXB0,MKS1,P339Y,0.532
Q9NXB0,MKS1,P339L,0.593
Q9NXB0,MKS1,P339A,0.68
Q9NXB0,MKS1,P339C,0.631
Q9NXB0,MKS1,P339D,0.494
Q9NXB0,MKS1,P339E,0.52
Q9NXB0,MKS1,P339K,0.508
Q9NXB0,MKS1,P339G,0.51
Q9NXB0,MKS1,P339H,0.584
Q9NXB0,MKS1,P339I,0.537
Q9NXB0,MKS1,P339F,0.544
Q9NXB0,MKS1,T340M,0.994
Q9NXB0,MKS1,T340W,0.804
Q9NXB0,MKS1,T340V,0.979
Q9NXB0,MKS1,T340S,1.031
Q9NXB0,MKS1,T340R,0.918
Q9NXB0,MKS1,T340Q,0.903
Q9NXB0,MKS1,T340P,0.916
Q9NXB0,MKS1,T340N,0.986
Q9NXB0,MKS1,T340Y,0.872
Q9NXB0,MKS1,T340K,0.929
Q9NXB0,MKS1,T340I,0.98
Q9NXB0,MKS1,T340H,0.88
Q9NXB0,MKS1,T340G,0.866
Q9NXB0,MKS1,T340F,0.859
Q9NXB0,MKS1,T340E,0.878
Q9NXB0,MKS1,T340D,0.865
Q9NXB0,MKS1,T340C,0.924
Q9NXB0,MKS1,T340A,1.022
Q9NXB0,MKS1,T340L,0.903
Q9NXB0,MKS1,A341P,0.854
Q9NXB0,MKS1,A341Q,0.804
Q9NXB0,MKS1,A341R,0.776
Q9NXB0,MKS1,A341N,0.794
Q9NXB0,MKS1,A341T,0.95
Q9NXB0,MKS1,A341V,0.936
Q9NXB0,MKS1,A341W,0.706
Q9NXB0,MKS1,A341S,0.96
Q9NXB0,MKS1,A341Y,0.772
Q9NXB0,MKS1,A341M,0.862
Q9NXB0,MKS1,A341K,0.79
Q9NXB0,MKS1,A341C,0.885
Q9NXB0,MKS1,A341D,0.79
Q9NXB0,MKS1,A341E,0.838
Q9NXB0,MKS1,A341L,0.815
Q9NXB0,MKS1,A341G,0.909
Q9NXB0,MKS1,A341H,0.754
Q9NXB0,MKS1,A341I,0.845
Q9NXB0,MKS1,A341F,0.766
Q9NXB0,MKS1,H342P,1.002
Q9NXB0,MKS1,H342Y,1.17
Q9NXB0,MKS1,H342W,0.982
Q9NXB0,MKS1,H342V,0.925
Q9NXB0,MKS1,H342T,0.981
Q9NXB0,MKS1,H342S,1.012
Q9NXB0,MKS1,H342R,1.12
Q9NXB0,MKS1,H342Q,1.113
Q9NXB0,MKS1,H342N,1.138
Q9NXB0,MKS1,H342M,0.994
Q9NXB0,MKS1,H342L,0.998
Q9NXB0,MKS1,H342C,1.008
Q9NXB0,MKS1,H342D,1.045
Q9NXB0,MKS1,H342E,1.031
Q9NXB0,MKS1,H342A,0.957
Q9NXB0,MKS1,H342G,0.964
Q9NXB0,MKS1,H342I,0.948
Q9NXB0,MKS1,H342K,1.025
Q9NXB0,MKS1,H342F,1.034
Q9NXB0,MKS1,W343N,0.353
Q9NXB0,MKS1,W343Y,0.728
Q9NXB0,MKS1,W343V,0.562
Q9NXB0,MKS1,W343T,0.498
Q9NXB0,MKS1,W343S,0.462
Q9NXB0,MKS1,W343R,0.468
Q9NXB0,MKS1,W343Q,0.486
Q9NXB0,MKS1,W343P,0.309
Q9NXB0,MKS1,W343M,0.647
Q9NXB0,MKS1,W343L,0.651
Q9NXB0,MKS1,W343K,0.422
Q9NXB0,MKS1,W343C,0.638
Q9NXB0,MKS1,W343D,0.336
Q9NXB0,MKS1,W343E,0.406
Q9NXB0,MKS1,W343A,0.504
Q9NXB0,MKS1,W343G,0.546
Q9NXB0,MKS1,W343H,0.503
Q9NXB0,MKS1,W343I,0.516
Q9NXB0,MKS1,W343F,0.736
Q9NXB0,MKS1,S344N,0.98
Q9NXB0,MKS1,S344Y,0.839
Q9NXB0,MKS1,S344W,0.761
Q9NXB0,MKS1,S344V,0.847
Q9NXB0,MKS1,S344T,0.968
Q9NXB0,MKS1,S344R,0.857
Q9NXB0,MKS1,S344Q,0.876
Q9NXB0,MKS1,S344P,0.894
Q9NXB0,MKS1,S344M,0.874
Q9NXB0,MKS1,S344L,0.864
Q9NXB0,MKS1,S344K,0.88
Q9NXB0,MKS1,S344C,0.896
Q9NXB0,MKS1,S344D,0.873
Q9NXB0,MKS1,S344E,0.856
Q9NXB0,MKS1,S344A,0.968
Q9NXB0,MKS1,S344G,0.929
Q9NXB0,MKS1,S344H,0.845
Q9NXB0,MKS1,S344I,0.849
Q9NXB0,MKS1,S344F,0.878
Q9NXB0,MKS1,S345M,0.934
Q9NXB0,MKS1,S345W,0.824
Q9NXB0,MKS1,S345V,0.908
Q9NXB0,MKS1,S345T,1.011
Q9NXB0,MKS1,S345R,0.901
Q9NXB0,MKS1,S345Q,0.917
Q9NXB0,MKS1,S345P,0.933
Q9NXB0,MKS1,S345N,1.02
Q9NXB0,MKS1,S345L,0.936
Q9NXB0,MKS1,S345Y,0.899
Q9NXB0,MKS1,S345I,0.919
Q9NXB0,MKS1,S345A,1.012
Q9NXB0,MKS1,S345C,0.951
Q9NXB0,MKS1,S345D,0.911
Q9NXB0,MKS1,S345K,0.916
Q9NXB0,MKS1,S345F,0.95
Q9NXB0,MKS1,S345G,0.968
Q9NXB0,MKS1,S345H,0.891
Q9NXB0,MKS1,S345E,0.895
Q9NXB0,MKS1,P346N,0.805
Q9NXB0,MKS1,P346Y,0.798
Q9NXB0,MKS1,P346W,0.72
Q9NXB0,MKS1,P346V,0.868
Q9NXB0,MKS1,P346T,0.899
Q9NXB0,MKS1,P346S,0.902
Q9NXB0,MKS1,P346R,0.824
Q9NXB0,MKS1,P346Q,0.893
Q9NXB0,MKS1,P346M,0.869
Q9NXB0,MKS1,P346L,0.902
Q9NXB0,MKS1,P346K,0.828
Q9NXB0,MKS1,P346C,0.778
Q9NXB0,MKS1,P346D,0.804
Q9NXB0,MKS1,P346E,0.831
Q9NXB0,MKS1,P346A,0.918
Q9NXB0,MKS1,P346G,0.804
Q9NXB0,MKS1,P346H,0.846
Q9NXB0,MKS1,P346I,0.832
Q9NXB0,MKS1,P346F,0.8
Q9NXB0,MKS1,A347N,1.004
Q9NXB0,MKS1,A347W,0.924
Q9NXB0,MKS1,A347V,1.102
Q9NXB0,MKS1,A347T,1.119
Q9NXB0,MKS1,A347S,1.133
Q9NXB0,MKS1,A347R,0.999
Q9NXB0,MKS1,A347Q,1.024
Q9NXB0,MKS1,A347P,1.065
Q9NXB0,MKS1,A347M,1.039
Q9NXB0,MKS1,A347Y,0.974
Q9NXB0,MKS1,A347K,1.019
Q9NXB0,MKS1,A347C,1.047
Q9NXB0,MKS1,A347D,1.006
Q9NXB0,MKS1,A347E,1.05
Q9NXB0,MKS1,A347L,1.006
Q9NXB0,MKS1,A347G,1.081
Q9NXB0,MKS1,A347H,0.965
Q9NXB0,MKS1,A347I,1.022
Q9NXB0,MKS1,A347F,0.962
Q9NXB0,MKS1,F348N,0.922
Q9NXB0,MKS1,F348W,1.036
Q9NXB0,MKS1,F348V,1.018
Q9NXB0,MKS1,F348T,0.984
Q9NXB0,MKS1,F348S,0.995
Q9NXB0,MKS1,F348R,0.943
Q9NXB0,MKS1,F348Q,0.957
Q9NXB0,MKS1,F348P,0.898
Q9NXB0,MKS1,F348M,1.028
Q9NXB0,MKS1,F348Y,1.178
Q9NXB0,MKS1,F348K,0.927
Q9NXB0,MKS1,F348A,0.978
Q9NXB0,MKS1,F348C,0.986
Q9NXB0,MKS1,F348D,0.952
Q9NXB0,MKS1,F348L,1.07
Q9NXB0,MKS1,F348G,0.899
Q9NXB0,MKS1,F348H,1.012
Q9NXB0,MKS1,F348I,1.052
Q9NXB0,MKS1,F348E,0.901
Q9NXB0,MKS1,Q349M,0.958
Q9NXB0,MKS1,Q349W,0.82
Q9NXB0,MKS1,Q349V,0.872
Q9NXB0,MKS1,Q349T,0.879
Q9NXB0,MKS1,Q349S,0.883
Q9NXB0,MKS1,Q349R,0.962
Q9NXB0,MKS1,Q349P,0.884
Q9NXB0,MKS1,Q349N,0.893
Q9NXB0,MKS1,Q349Y,0.867
Q9NXB0,MKS1,Q349L,0.919
Q9NXB0,MKS1,Q349I,0.851
Q9NXB0,MKS1,Q349H,0.944
Q9NXB0,MKS1,Q349G,0.814
Q9NXB0,MKS1,Q349F,0.848
Q9NXB0,MKS1,Q349E,0.972
Q9NXB0,MKS1,Q349D,0.862
Q9NXB0,MKS1,Q349C,0.812
Q9NXB0,MKS1,Q349A,0.877
Q9NXB0,MKS1,Q349K,0.94
Q9NXB0,MKS1,Q350P,1.008
Q9NXB0,MKS1,Q350R,1.094
Q9NXB0,MKS1,Q350S,1.01
Q9NXB0,MKS1,Q350N,1.027
Q9NXB0,MKS1,Q350V,0.945
Q9NXB0,MKS1,Q350W,0.91
Q9NXB0,MKS1,Q350Y,0.963
Q9NXB0,MKS1,Q350T,0.996
Q9NXB0,MKS1,Q350M,1.031
Q9NXB0,MKS1,Q350L,0.969
Q9NXB0,MKS1,Q350K,1.084
Q9NXB0,MKS1,Q350C,0.908
Q9NXB0,MKS1,Q350D,1.003
Q9NXB0,MKS1,Q350E,1.115
Q9NXB0,MKS1,Q350A,0.986
Q9NXB0,MKS1,Q350G,0.933
Q9NXB0,MKS1,Q350H,1.062
Q9NXB0,MKS1,Q350I,0.909
Q9NXB0,MKS1,Q350F,0.889
Q9NXB0,MKS1,L351P,0.714
Q9NXB0,MKS1,L351Y,0.742
Q9NXB0,MKS1,L351W,0.714
Q9NXB0,MKS1,L351V,0.866
Q9NXB0,MKS1,L351T,0.734
Q9NXB0,MKS1,L351S,0.708
Q9NXB0,MKS1,L351R,0.7
Q9NXB0,MKS1,L351Q,0.724
Q9NXB0,MKS1,L351N,0.632
Q9NXB0,MKS1,L351M,0.915
Q9NXB0,MKS1,L351K,0.659
Q9NXB0,MKS1,L351C,0.716
Q9NXB0,MKS1,L351D,0.589
Q9NXB0,MKS1,L351E,0.637
Q9NXB0,MKS1,L351A,0.733
Q9NXB0,MKS1,L351G,0.589
Q9NXB0,MKS1,L351H,0.7
Q9NXB0,MKS1,L351I,0.903
Q9NXB0,MKS1,L351F,0.848
Q9NXB0,MKS1,S352N,0.87
Q9NXB0,MKS1,S352Y,0.718
Q9NXB0,MKS1,S352W,0.638
Q9NXB0,MKS1,S352V,0.714
Q9NXB0,MKS1,S352T,0.852
Q9NXB0,MKS1,S352R,0.747
Q9NXB0,MKS1,S352Q,0.764
Q9NXB0,MKS1,S352P,0.777
Q9NXB0,MKS1,S352M,0.744
Q9NXB0,MKS1,S352L,0.726
Q9NXB0,MKS1,S352K,0.77
Q9NXB0,MKS1,S352C,0.768
Q9NXB0,MKS1,S352D,0.768
Q9NXB0,MKS1,S352E,0.75
Q9NXB0,MKS1,S352A,0.844
Q9NXB0,MKS1,S352G,0.811
Q9NXB0,MKS1,S352H,0.732
Q9NXB0,MKS1,S352I,0.715
Q9NXB0,MKS1,S352F,0.744
Q9NXB0,MKS1,G353P,0.432
Q9NXB0,MKS1,G353Y,0.38
Q9NXB0,MKS1,G353W,0.495
Q9NXB0,MKS1,G353V,0.546
Q9NXB0,MKS1,G353T,0.51
Q9NXB0,MKS1,G353S,0.63
Q9NXB0,MKS1,G353R,0.508
Q9NXB0,MKS1,G353Q,0.46
Q9NXB0,MKS1,G353N,0.546
Q9NXB0,MKS1,G353M,0.546
Q9NXB0,MKS1,G353L,0.475
Q9NXB0,MKS1,G353C,0.588
Q9NXB0,MKS1,G353D,0.499
Q9NXB0,MKS1,G353E,0.502
Q9NXB0,MKS1,G353A,0.69
Q9NXB0,MKS1,G353H,0.43
Q9NXB0,MKS1,G353I,0.486
Q9NXB0,MKS1,G353K,0.446
Q9NXB0,MKS1,G353F,0.448
Q9NXB0,MKS1,V354N,0.702
Q9NXB0,MKS1,V354Y,0.747
Q9NXB0,MKS1,V354W,0.67
Q9NXB0,MKS1,V354T,0.838
Q9NXB0,MKS1,V354S,0.734
Q9NXB0,MKS1,V354R,0.697
Q9NXB0,MKS1,V354Q,0.721
Q9NXB0,MKS1,V354P,0.738
Q9NXB0,MKS1,V354M,0.878
Q9NXB0,MKS1,V354L,0.864
Q9NXB0,MKS1,V354K,0.728
Q9NXB0,MKS1,V354C,0.736
Q9NXB0,MKS1,V354D,0.716
Q9NXB0,MKS1,V354E,0.767
Q9NXB0,MKS1,V354A,0.824
Q9NXB0,MKS1,V354G,0.732
Q9NXB0,MKS1,V354H,0.685
Q9NXB0,MKS1,V354I,0.944
Q9NXB0,MKS1,V354F,0.792
Q9NXB0,MKS1,T355N,0.604
Q9NXB0,MKS1,T355Y,0.558
Q9NXB0,MKS1,T355W,0.453
Q9NXB0,MKS1,T355V,0.712
Q9NXB0,MKS1,T355S,0.684
Q9NXB0,MKS1,T355R,0.53
Q9NXB0,MKS1,T355Q,0.539
Q9NXB0,MKS1,T355P,0.53
Q9NXB0,MKS1,T355M,0.696
Q9NXB0,MKS1,T355L,0.666
Q9NXB0,MKS1,T355K,0.548
Q9NXB0,MKS1,T355C,0.671
Q9NXB0,MKS1,T355D,0.49
Q9NXB0,MKS1,T355E,0.482
Q9NXB0,MKS1,T355A,0.705
Q9NXB0,MKS1,T355G,0.52
Q9NXB0,MKS1,T355H,0.49
Q9NXB0,MKS1,T355I,0.694
Q9NXB0,MKS1,T355F,0.594
Q9NXB0,MKS1,Q356N,0.737
Q9NXB0,MKS1,Q356Y,0.697
Q9NXB0,MKS1,Q356W,0.615
Q9NXB0,MKS1,Q356V,0.696
Q9NXB0,MKS1,Q356T,0.716
Q9NXB0,MKS1,Q356S,0.724
Q9NXB0,MKS1,Q356R,0.804
Q9NXB0,MKS1,Q356P,0.728
Q9NXB0,MKS1,Q356M,0.784
Q9NXB0,MKS1,Q356L,0.736
Q9NXB0,MKS1,Q356K,0.786
Q9NXB0,MKS1,Q356C,0.645
Q9NXB0,MKS1,Q356D,0.71
Q9NXB0,MKS1,Q356E,0.822
Q9NXB0,MKS1,Q356A,0.714
Q9NXB0,MKS1,Q356G,0.654
Q9NXB0,MKS1,Q356H,0.786
Q9NXB0,MKS1,Q356I,0.664
Q9NXB0,MKS1,Q356F,0.652
Q9NXB0,MKS1,T357N,0.733
Q9NXB0,MKS1,T357Y,0.61
Q9NXB0,MKS1,T357W,0.568
Q9NXB0,MKS1,T357V,0.741
Q9NXB0,MKS1,T357S,0.766
Q9NXB0,MKS1,T357R,0.671
Q9NXB0,MKS1,T357Q,0.658
Q9NXB0,MKS1,T357P,0.691
Q9NXB0,MKS1,T357M,0.74
Q9NXB0,MKS1,T357L,0.676
Q9NXB0,MKS1,T357K,0.672
Q9NXB0,MKS1,T357C,0.646
Q9NXB0,MKS1,T357D,0.626
Q9NXB0,MKS1,T357E,0.647
Q9NXB0,MKS1,T357A,0.749
Q9NXB0,MKS1,T357G,0.629
Q9NXB0,MKS1,T357H,0.639
Q9NXB0,MKS1,T357I,0.728
Q9NXB0,MKS1,T357F,0.627
Q9NXB0,MKS1,C358N,0.462
Q9NXB0,MKS1,C358W,0.489
Q9NXB0,MKS1,C358V,0.584
Q9NXB0,MKS1,C358T,0.544
Q9NXB0,MKS1,C358S,0.579
Q9NXB0,MKS1,C358R,0.412
Q9NXB0,MKS1,C358Q,0.44
Q9NXB0,MKS1,C358P,0.335
Q9NXB0,MKS1,C358M,0.603
Q9NXB0,MKS1,C358Y,0.497
Q9NXB0,MKS1,C358K,0.378
Q9NXB0,MKS1,C358A,0.611
Q9NXB0,MKS1,C358D,0.435
Q9NXB0,MKS1,C358E,0.292
Q9NXB0,MKS1,C358L,0.572
Q9NXB0,MKS1,C358G,0.473
Q9NXB0,MKS1,C358H,0.448
Q9NXB0,MKS1,C358I,0.567
Q9NXB0,MKS1,C358F,0.544
Q9NXB0,MKS1,T359N,1.003
Q9NXB0,MKS1,T359Y,0.868
Q9NXB0,MKS1,T359W,0.812
Q9NXB0,MKS1,T359V,0.988
Q9NXB0,MKS1,T359S,1.034
Q9NXB0,MKS1,T359R,0.942
Q9NXB0,MKS1,T359Q,0.924
Q9NXB0,MKS1,T359P,0.953
Q9NXB0,MKS1,T359M,0.987
Q9NXB0,MKS1,T359L,0.918
Q9NXB0,MKS1,T359K,0.946
Q9NXB0,MKS1,T359C,0.9
Q9NXB0,MKS1,T359D,0.896
Q9NXB0,MKS1,T359E,0.914
Q9NXB0,MKS1,T359A,1.008
Q9NXB0,MKS1,T359G,0.893
Q9NXB0,MKS1,T359H,0.904
Q9NXB0,MKS1,T359I,0.973
Q9NXB0,MKS1,T359F,0.87
Q9NXB0,MKS1,T360N,0.722
Q9NXB0,MKS1,T360Y,0.673
Q9NXB0,MKS1,T360W,0.566
Q9NXB0,MKS1,T360V,0.811
Q9NXB0,MKS1,T360S,0.796
Q9NXB0,MKS1,T360R,0.646
Q9NXB0,MKS1,T360Q,0.653
Q9NXB0,MKS1,T360P,0.635
Q9NXB0,MKS1,T360M,0.796
Q9NXB0,MKS1,T360L,0.765
Q9NXB0,MKS1,T360K,0.662
Q9NXB0,MKS1,T360C,0.772
Q9NXB0,MKS1,T360D,0.61
Q9NXB0,MKS1,T360E,0.599
Q9NXB0,MKS1,T360A,0.809
Q9NXB0,MKS1,T360G,0.629
Q9NXB0,MKS1,T360H,0.602
Q9NXB0,MKS1,T360I,0.798
Q9NXB0,MKS1,T360F,0.697
Q9NXB0,MKS1,K361P,0.819
Q9NXB0,MKS1,K361Y,0.771
Q9NXB0,MKS1,K361W,0.747
Q9NXB0,MKS1,K361V,0.819
Q9NXB0,MKS1,K361T,0.872
Q9NXB0,MKS1,K361S,0.874
Q9NXB0,MKS1,K361R,0.988
Q9NXB0,MKS1,K361Q,0.942
Q9NXB0,MKS1,K361N,0.912
Q9NXB0,MKS1,K361M,0.89
Q9NXB0,MKS1,K361L,0.813
Q9NXB0,MKS1,K361C,0.728
Q9NXB0,MKS1,K361D,0.816
Q9NXB0,MKS1,K361E,0.934
Q9NXB0,MKS1,K361A,0.842
Q9NXB0,MKS1,K361G,0.79
Q9NXB0,MKS1,K361H,0.848
Q9NXB0,MKS1,K361I,0.8
Q9NXB0,MKS1,K361F,0.748
Q9NXB0,MKS1,S362M,1.02
Q9NXB0,MKS1,S362W,0.923
Q9NXB0,MKS1,S362V,0.991
Q9NXB0,MKS1,S362T,1.137
Q9NXB0,MKS1,S362R,1.039
Q9NXB0,MKS1,S362Q,1.054
Q9NXB0,MKS1,S362P,1.062
Q9NXB0,MKS1,S362N,1.159
Q9NXB0,MKS1,S362L,1.0
Q9NXB0,MKS1,S362Y,1.002
Q9NXB0,MKS1,S362I,0.993
Q9NXB0,MKS1,S362A,1.128
Q9NXB0,MKS1,S362C,1.048
Q9NXB0,MKS1,S362D,1.055
Q9NXB0,MKS1,S362K,1.064
Q9NXB0,MKS1,S362F,1.019
Q9NXB0,MKS1,S362G,1.095
Q9NXB0,MKS1,S362H,1.017
Q9NXB0,MKS1,S362E,1.038
Q9NXB0,MKS1,L363P,0.988
Q9NXB0,MKS1,L363Y,1.0
Q9NXB0,MKS1,L363W,0.976
Q9NXB0,MKS1,L363V,1.106
Q9NXB0,MKS1,L363T,1.006
Q9NXB0,MKS1,L363S,0.985
Q9NXB0,MKS1,L363R,0.98
Q9NXB0,MKS1,L363Q,1.007
Q9NXB0,MKS1,L363N,0.915
Q9NXB0,MKS1,L363M,1.155
Q9NXB0,MKS1,L363K,0.946
Q9NXB0,MKS1,L363C,0.962
Q9NXB0,MKS1,L363D,0.87
Q9NXB0,MKS1,L363E,0.922
Q9NXB0,MKS1,L363A,0.996
Q9NXB0,MKS1,L363G,0.853
Q9NXB0,MKS1,L363H,0.972
Q9NXB0,MKS1,L363I,1.138
Q9NXB0,MKS1,L363F,1.078
Q9NXB0,MKS1,A364N,0.818
Q9NXB0,MKS1,A364W,0.707
Q9NXB0,MKS1,A364V,0.961
Q9NXB0,MKS1,A364T,0.974
Q9NXB0,MKS1,A364S,0.985
Q9NXB0,MKS1,A364R,0.796
Q9NXB0,MKS1,A364Q,0.829
Q9NXB0,MKS1,A364P,0.878
Q9NXB0,MKS1,A364M,0.886
Q9NXB0,MKS1,A364Y,0.792
Q9NXB0,MKS1,A364K,0.814
Q9NXB0,MKS1,A364C,0.909
Q9NXB0,MKS1,A364D,0.812
Q9NXB0,MKS1,A364E,0.864
Q9NXB0,MKS1,A364L,0.84
Q9NXB0,MKS1,A364G,0.934
Q9NXB0,MKS1,A364H,0.77
Q9NXB0,MKS1,A364I,0.87
Q9NXB0,MKS1,A364F,0.785
Q9NXB0,MKS1,M365N,1.061
Q9NXB0,MKS1,M365W,1.074
Q9NXB0,MKS1,M365V,1.2
Q9NXB0,MKS1,M365T,1.162
Q9NXB0,MKS1,M365S,1.1
Q9NXB0,MKS1,M365R,1.127
Q9NXB0,MKS1,M365Q,1.145
Q9NXB0,MKS1,M365P,1.035
Q9NXB0,MKS1,M365L,1.211
Q9NXB0,MKS1,M365Y,1.038
Q9NXB0,MKS1,M365I,1.18
Q9NXB0,MKS1,M365A,1.114
Q9NXB0,MKS1,M365C,1.057
Q9NXB0,MKS1,M365D,0.961
Q9NXB0,MKS1,M365K,1.134
Q9NXB0,MKS1,M365F,1.089
Q9NXB0,MKS1,M365G,0.964
Q9NXB0,MKS1,M365H,1.032
Q9NXB0,MKS1,M365E,1.055
Q9NXB0,MKS1,D366N,1.022
Q9NXB0,MKS1,D366W,0.769
Q9NXB0,MKS1,D366V,0.854
Q9NXB0,MKS1,D366T,0.904
Q9NXB0,MKS1,D366S,0.948
Q9NXB0,MKS1,D366R,0.832
Q9NXB0,MKS1,D366Q,0.93
Q9NXB0,MKS1,D366P,0.848
Q9NXB0,MKS1,D366Y,0.882
Q9NXB0,MKS1,D366M,0.84
Q9NXB0,MKS1,D366K,0.894
Q9NXB0,MKS1,D366I,0.844
Q9NXB0,MKS1,D366H,0.915
Q9NXB0,MKS1,D366G,0.948
Q9NXB0,MKS1,D366F,0.857
Q9NXB0,MKS1,D366E,1.055
Q9NXB0,MKS1,D366C,0.823
Q9NXB0,MKS1,D366A,0.898
Q9NXB0,MKS1,D366L,0.808
Q9NXB0,MKS1,K367P,0.913
Q9NXB0,MKS1,K367Q,1.036
Q9NXB0,MKS1,K367R,1.082
Q9NXB0,MKS1,K367N,1.008
Q9NXB0,MKS1,K367T,0.966
Q9NXB0,MKS1,K367V,0.909
Q9NXB0,MKS1,K367W,0.845
Q9NXB0,MKS1,K367S,0.97
Q9NXB0,MKS1,K367M,0.98
Q9NXB0,MKS1,K367Y,0.862
Q9NXB0,MKS1,K367I,0.89
Q9NXB0,MKS1,K367A,0.934
Q9NXB0,MKS1,K367C,0.819
Q9NXB0,MKS1,K367D,0.914
Q9NXB0,MKS1,K367L,0.902
Q9NXB0,MKS1,K367F,0.837
Q9NXB0,MKS1,K367G,0.885
Q9NXB0,MKS1,K367H,0.942
Q9NXB0,MKS1,K367E,1.029
Q9NXB0,MKS1,V368Y,0.56
Q9NXB0,MKS1,V368W,0.456
Q9NXB0,MKS1,V368T,0.664
Q9NXB0,MKS1,V368S,0.539
Q9NXB0,MKS1,V368R,0.418
Q9NXB0,MKS1,V368Q,0.507
Q9NXB0,MKS1,V368P,0.494
Q9NXB0,MKS1,V368M,0.778
Q9NXB0,MKS1,V368L,0.77
Q9NXB0,MKS1,V368N,0.456
Q9NXB0,MKS1,V368I,0.854
Q9NXB0,MKS1,V368K,0.475
Q9NXB0,MKS1,V368C,0.673
Q9NXB0,MKS1,V368D,0.439
Q9NXB0,MKS1,V368E,0.504
Q9NXB0,MKS1,V368A,0.706
Q9NXB0,MKS1,V368G,0.516
Q9NXB0,MKS1,V368H,0.444
Q9NXB0,MKS1,V368F,0.647
Q9NXB0,MKS1,A369N,0.43
Q9NXB0,MKS1,A369Y,0.466
Q9NXB0,MKS1,A369W,0.337
Q9NXB0,MKS1,A369V,0.668
Q9NXB0,MKS1,A369T,0.606
Q9NXB0,MKS1,A369S,0.626
Q9NXB0,MKS1,A369R,0.428
Q9NXB0,MKS1,A369Q,0.448
Q9NXB0,MKS1,A369M,0.602
Q9NXB0,MKS1,A369P,0.47
Q9NXB0,MKS1,A369K,0.41
Q9NXB0,MKS1,A369D,0.4
Q9NXB0,MKS1,A369E,0.442
Q9NXB0,MKS1,A369F,0.532
Q9NXB0,MKS1,A369C,0.65
Q9NXB0,MKS1,A369H,0.44
Q9NXB0,MKS1,A369I,0.606
Q9NXB0,MKS1,A369G,0.61
Q9NXB0,MKS1,A369L,0.605
Q9NXB0,MKS1,H370Y,0.962
Q9NXB0,MKS1,H370N,0.936
Q9NXB0,MKS1,H370W,0.801
Q9NXB0,MKS1,H370V,0.748
Q9NXB0,MKS1,H370T,0.796
Q9NXB0,MKS1,H370S,0.826
Q9NXB0,MKS1,H370R,0.92
Q9NXB0,MKS1,H370Q,0.914
Q9NXB0,MKS1,H370P,0.812
Q9NXB0,MKS1,H370M,0.814
Q9NXB0,MKS1,H370K,0.835
Q9NXB0,MKS1,H370I,0.758
Q9NXB0,MKS1,H370G,0.786
Q9NXB0,MKS1,H370F,0.848
Q9NXB0,MKS1,H370E,0.845
Q9NXB0,MKS1,H370D,0.852
Q9NXB0,MKS1,H370C,0.812
Q9NXB0,MKS1,H370A,0.778
Q9NXB0,MKS1,H370L,0.8
Q9NXB0,MKS1,F371P,0.221
Q9NXB0,MKS1,F371Q,0.279
Q9NXB0,MKS1,F371R,0.292
Q9NXB0,MKS1,F371N,0.333
Q9NXB0,MKS1,F371T,0.399
Q9NXB0,MKS1,F371V,0.562
Q9NXB0,MKS1,F371W,0.579
Q9NXB0,MKS1,F371S,0.427
Q9NXB0,MKS1,F371M,0.575
Q9NXB0,MKS1,F371Y,0.67
Q9NXB0,MKS1,F371K,0.266
Q9NXB0,MKS1,F371A,0.414
Q9NXB0,MKS1,F371C,0.537
Q9NXB0,MKS1,F371D,0.255
Q9NXB0,MKS1,F371L,0.642
Q9NXB0,MKS1,F371G,0.324
Q9NXB0,MKS1,F371H,0.472
Q9NXB0,MKS1,F371I,0.602
Q9NXB0,MKS1,F371E,0.2
Q9NXB0,MKS1,S372N,0.904
Q9NXB0,MKS1,S372Y,0.759
Q9NXB0,MKS1,S372W,0.68
Q9NXB0,MKS1,S372V,0.761
Q9NXB0,MKS1,S372T,0.889
Q9NXB0,MKS1,S372R,0.785
Q9NXB0,MKS1,S372Q,0.798
Q9NXB0,MKS1,S372P,0.811
Q9NXB0,MKS1,S372M,0.788
Q9NXB0,MKS1,S372D,0.795
Q9NXB0,MKS1,S372K,0.808
Q9NXB0,MKS1,S372C,0.81
Q9NXB0,MKS1,S372L,0.778
Q9NXB0,MKS1,S372E,0.778
Q9NXB0,MKS1,S372A,0.884
Q9NXB0,MKS1,S372G,0.846
Q9NXB0,MKS1,S372H,0.767
Q9NXB0,MKS1,S372I,0.764
Q9NXB0,MKS1,S372F,0.792
Q9NXB0,MKS1,Y373M,0.706
Q9NXB0,MKS1,Y373V,0.686
Q9NXB0,MKS1,Y373T,0.658
Q9NXB0,MKS1,Y373S,0.669
Q9NXB0,MKS1,Y373R,0.614
Q9NXB0,MKS1,Y373Q,0.691
Q9NXB0,MKS1,Y373P,0.622
Q9NXB0,MKS1,Y373N,0.658
Q9NXB0,MKS1,Y373L,0.722
Q9NXB0,MKS1,Y373W,0.733
Q9NXB0,MKS1,Y373I,0.69
Q9NXB0,MKS1,Y373A,0.656
Q9NXB0,MKS1,Y373C,0.719
Q9NXB0,MKS1,Y373D,0.621
Q9NXB0,MKS1,Y373K,0.612
Q9NXB0,MKS1,Y373F,0.894
Q9NXB0,MKS1,Y373G,0.58
Q9NXB0,MKS1,Y373H,0.828
Q9NXB0,MKS1,Y373E,0.624
Q9NXB0,MKS1,P374N,0.677
Q9NXB0,MKS1,P374W,0.564
Q9NXB0,MKS1,P374V,0.697
Q9NXB0,MKS1,P374T,0.759
Q9NXB0,MKS1,P374S,0.766
Q9NXB0,MKS1,P374R,0.701
Q9NXB0,MKS1,P374Q,0.765
Q9NXB0,MKS1,P374M,0.698
Q9NXB0,MKS1,P374Y,0.645
Q9NXB0,MKS1,P374L,0.715
Q9NXB0,MKS1,P374A,0.77
Q9NXB0,MKS1,P374C,0.606
Q9NXB0,MKS1,P374D,0.681
Q9NXB0,MKS1,P374E,0.71
Q9NXB0,MKS1,P374K,0.708
Q9NXB0,MKS1,P374G,0.66
Q9NXB0,MKS1,P374H,0.71
Q9NXB0,MKS1,P374I,0.66
Q9NXB0,MKS1,P374F,0.605
Q9NXB0,MKS1,F375N,0.389
Q9NXB0,MKS1,F375W,0.61
Q9NXB0,MKS1,F375V,0.585
Q9NXB0,MKS1,F375T,0.448
Q9NXB0,MKS1,F375S,0.482
Q9NXB0,MKS1,F375R,0.356
Q9NXB0,MKS1,F375Q,0.341
Q9NXB0,MKS1,F375P,0.275
Q9NXB0,MKS1,F375Y,0.707
Q9NXB0,MKS1,F375L,0.649
Q9NXB0,MKS1,F375K,0.332
Q9NXB0,MKS1,F375I,0.617
Q9NXB0,MKS1,F375H,0.522
Q9NXB0,MKS1,F375G,0.372
Q9NXB0,MKS1,F375E,0.26
Q9NXB0,MKS1,F375D,0.308
Q9NXB0,MKS1,F375C,0.562
Q9NXB0,MKS1,F375A,0.458
Q9NXB0,MKS1,F375M,0.601
Q9NXB0,MKS1,T376N,0.94
Q9NXB0,MKS1,T376P,0.895
Q9NXB0,MKS1,T376Q,0.865
Q9NXB0,MKS1,T376M,0.936
Q9NXB0,MKS1,T376S,0.972
Q9NXB0,MKS1,T376V,0.935
Q9NXB0,MKS1,T376W,0.78
Q9NXB0,MKS1,T376R,0.878
Q9NXB0,MKS1,T376Y,0.812
Q9NXB0,MKS1,T376L,0.865
Q9NXB0,MKS1,T376I,0.92
Q9NXB0,MKS1,T376A,0.951
Q9NXB0,MKS1,T376C,0.844
Q9NXB0,MKS1,T376D,0.834
Q9NXB0,MKS1,T376K,0.881
Q9NXB0,MKS1,T376F,0.818
Q9NXB0,MKS1,T376G,0.832
Q9NXB0,MKS1,T376H,0.843
Q9NXB0,MKS1,T376E,0.854
Q9NXB0,MKS1,F377P,0.646
Q9NXB0,MKS1,F377Y,0.951
Q9NXB0,MKS1,F377W,0.818
Q9NXB0,MKS1,F377V,0.828
Q9NXB0,MKS1,F377T,0.737
Q9NXB0,MKS1,F377S,0.736
Q9NXB0,MKS1,F377R,0.673
Q9NXB0,MKS1,F377Q,0.69
Q9NXB0,MKS1,F377N,0.654
Q9NXB0,MKS1,F377M,0.831
Q9NXB0,MKS1,F377L,0.904
Q9NXB0,MKS1,F377C,0.781
Q9NXB0,MKS1,F377D,0.674
Q9NXB0,MKS1,F377E,0.637
Q9NXB0,MKS1,F377A,0.748
Q9NXB0,MKS1,F377H,0.758
Q9NXB0,MKS1,F377I,0.87
Q9NXB0,MKS1,F377K,0.648
Q9NXB0,MKS1,F377G,0.653
Q9NXB0,MKS1,E378P,0.756
Q9NXB0,MKS1,E378Y,0.728
Q9NXB0,MKS1,E378W,0.669
Q9NXB0,MKS1,E378V,0.815
Q9NXB0,MKS1,E378T,0.774
Q9NXB0,MKS1,E378S,0.784
Q9NXB0,MKS1,E378R,0.778
Q9NXB0,MKS1,E378Q,0.906
Q9NXB0,MKS1,E378N,0.794
Q9NXB0,MKS1,E378M,0.784
Q9NXB0,MKS1,E378L,0.764
Q9NXB0,MKS1,E378C,0.668
Q9NXB0,MKS1,E378D,0.914
Q9NXB0,MKS1,E378F,0.718
Q9NXB0,MKS1,E378A,0.814
Q9NXB0,MKS1,E378H,0.802
Q9NXB0,MKS1,E378I,0.758
Q9NXB0,MKS1,E378K,0.845
Q9NXB0,MKS1,E378G,0.772
Q9NXB0,MKS1,A379P,0.728
Q9NXB0,MKS1,A379Y,0.746
Q9NXB0,MKS1,A379W,0.659
Q9NXB0,MKS1,A379V,0.932
Q9NXB0,MKS1,A379T,0.862
Q9NXB0,MKS1,A379S,0.879
Q9NXB0,MKS1,A379R,0.691
Q9NXB0,MKS1,A379Q,0.706
Q9NXB0,MKS1,A379N,0.688
Q9NXB0,MKS1,A379M,0.871
Q9NXB0,MKS1,A379L,0.878
Q9NXB0,MKS1,A379D,0.657
Q9NXB0,MKS1,A379E,0.7
Q9NXB0,MKS1,A379F,0.814
Q9NXB0,MKS1,A379C,0.91
Q9NXB0,MKS1,A379H,0.702
Q9NXB0,MKS1,A379I,0.876
Q9NXB0,MKS1,A379K,0.666
Q9NXB0,MKS1,A379G,0.863
Q9NXB0,MKS1,F380N,0.578
Q9NXB0,MKS1,F380W,0.799
Q9NXB0,MKS1,F380V,0.764
Q9NXB0,MKS1,F380T,0.634
Q9NXB0,MKS1,F380S,0.667
Q9NXB0,MKS1,F380R,0.548
Q9NXB0,MKS1,F380Q,0.53
Q9NXB0,MKS1,F380P,0.458
Q9NXB0,MKS1,F380M,0.782
Q9NXB0,MKS1,F380Y,0.898
Q9NXB0,MKS1,F380K,0.516
Q9NXB0,MKS1,F380A,0.635
Q9NXB0,MKS1,F380C,0.741
Q9NXB0,MKS1,F380D,0.503
Q9NXB0,MKS1,F380L,0.833
Q9NXB0,MKS1,F380G,0.554
Q9NXB0,MKS1,F380H,0.71
Q9NXB0,MKS1,F380I,0.8
Q9NXB0,MKS1,F380E,0.451
Q9NXB0,MKS1,F381P,0.452
Q9NXB0,MKS1,F381Y,0.868
Q9NXB0,MKS1,F381W,0.767
Q9NXB0,MKS1,F381V,0.742
Q9NXB0,MKS1,F381T,0.618
Q9NXB0,MKS1,F381S,0.654
Q9NXB0,MKS1,F381R,0.531
Q9NXB0,MKS1,F381Q,0.515
Q9NXB0,MKS1,F381N,0.564
Q9NXB0,MKS1,F381M,0.762
Q9NXB0,MKS1,F381L,0.8
Q9NXB0,MKS1,F381C,0.725
Q9NXB0,MKS1,F381D,0.488
Q9NXB0,MKS1,F381E,0.44
Q9NXB0,MKS1,F381A,0.624
Q9NXB0,MKS1,F381H,0.692
Q9NXB0,MKS1,F381I,0.77
Q9NXB0,MKS1,F381K,0.508
Q9NXB0,MKS1,F381G,0.544
Q9NXB0,MKS1,L382N,0.944
Q9NXB0,MKS1,L382W,0.998
Q9NXB0,MKS1,L382V,1.138
Q9NXB0,MKS1,L382T,1.038
Q9NXB0,MKS1,L382S,1.018
Q9NXB0,MKS1,L382R,1.014
Q9NXB0,MKS1,L382Q,1.038
Q9NXB0,MKS1,L382P,1.019
Q9NXB0,MKS1,L382M,1.196
Q9NXB0,MKS1,L382Y,1.027
Q9NXB0,MKS1,L382I,1.169
Q9NXB0,MKS1,L382A,1.026
Q9NXB0,MKS1,L382C,0.997
Q9NXB0,MKS1,L382D,0.897
Q9NXB0,MKS1,L382K,0.977
Q9NXB0,MKS1,L382F,1.109
Q9NXB0,MKS1,L382G,0.882
Q9NXB0,MKS1,L382H,1.005
Q9NXB0,MKS1,L382E,0.945
Q9NXB0,MKS1,H383N,0.982
Q9NXB0,MKS1,H383W,0.858
Q9NXB0,MKS1,H383V,0.796
Q9NXB0,MKS1,H383T,0.847
Q9NXB0,MKS1,H383S,0.869
Q9NXB0,MKS1,H383R,0.976
Q9NXB0,MKS1,H383Q,0.966
Q9NXB0,MKS1,H383P,0.865
Q9NXB0,MKS1,H383M,0.853
Q9NXB0,MKS1,H383Y,1.026
Q9NXB0,MKS1,H383K,0.884
Q9NXB0,MKS1,H383A,0.816
Q9NXB0,MKS1,H383C,0.869
Q9NXB0,MKS1,H383D,0.906
Q9NXB0,MKS1,H383L,0.86
Q9NXB0,MKS1,H383F,0.904
Q9NXB0,MKS1,H383G,0.819
Q9NXB0,MKS1,H383I,0.824
Q9NXB0,MKS1,H383E,0.889
Q9NXB0,MKS1,E384N,0.85
Q9NXB0,MKS1,E384W,0.734
Q9NXB0,MKS1,E384V,0.842
Q9NXB0,MKS1,E384T,0.823
Q9NXB0,MKS1,E384S,0.825
Q9NXB0,MKS1,E384R,0.848
Q9NXB0,MKS1,E384Q,0.976
Q9NXB0,MKS1,E384P,0.794
Q9NXB0,MKS1,E384Y,0.79
Q9NXB0,MKS1,E384M,0.818
Q9NXB0,MKS1,E384K,0.92
Q9NXB0,MKS1,E384I,0.802
Q9NXB0,MKS1,E384H,0.847
Q9NXB0,MKS1,E384G,0.838
Q9NXB0,MKS1,E384F,0.736
Q9NXB0,MKS1,E384D,0.983
Q9NXB0,MKS1,E384C,0.727
Q9NXB0,MKS1,E384A,0.868
Q9NXB0,MKS1,E384L,0.77
Q9NXB0,MKS1,D385Q,0.852
Q9NXB0,MKS1,D385R,0.766
Q9NXB0,MKS1,D385S,0.857
Q9NXB0,MKS1,D385P,0.76
Q9NXB0,MKS1,D385V,0.794
Q9NXB0,MKS1,D385W,0.698
Q9NXB0,MKS1,D385Y,0.838
Q9NXB0,MKS1,D385T,0.821
Q9NXB0,MKS1,D385N,0.948
Q9NXB0,MKS1,D385M,0.762
Q9NXB0,MKS1,D385L,0.725
Q9NXB0,MKS1,D385C,0.776
Q9NXB0,MKS1,D385E,0.97
Q9NXB0,MKS1,D385F,0.783
Q9NXB0,MKS1,D385A,0.834
Q9NXB0,MKS1,D385H,0.867
Q9NXB0,MKS1,D385I,0.776
Q9NXB0,MKS1,D385K,0.818
Q9NXB0,MKS1,D385G,0.866
Q9NXB0,MKS1,E386P,0.792
Q9NXB0,MKS1,E386Y,0.788
Q9NXB0,MKS1,E386W,0.732
Q9NXB0,MKS1,E386V,0.84
Q9NXB0,MKS1,E386T,0.822
Q9NXB0,MKS1,E386S,0.823
Q9NXB0,MKS1,E386R,0.847
Q9NXB0,MKS1,E386Q,0.962
Q9NXB0,MKS1,E386N,0.849
Q9NXB0,MKS1,E386M,0.816
Q9NXB0,MKS1,E386L,0.768
Q9NXB0,MKS1,E386C,0.726
Q9NXB0,MKS1,E386D,0.968
Q9NXB0,MKS1,E386F,0.735
Q9NXB0,MKS1,E386A,0.867
Q9NXB0,MKS1,E386H,0.845
Q9NXB0,MKS1,E386I,0.8
Q9NXB0,MKS1,E386K,0.918
Q9NXB0,MKS1,E386G,0.837
Q9NXB0,MKS1,S387N,1.03
Q9NXB0,MKS1,S387Y,0.914
Q9NXB0,MKS1,S387W,0.85
Q9NXB0,MKS1,S387V,0.886
Q9NXB0,MKS1,S387T,1.018
Q9NXB0,MKS1,S387R,0.924
Q9NXB0,MKS1,S387Q,0.918
Q9NXB0,MKS1,S387P,0.941
Q9NXB0,MKS1,S387M,0.924
Q9NXB0,MKS1,S387L,0.901
Q9NXB0,MKS1,S387K,0.92
Q9NXB0,MKS1,S387C,0.976
Q9NXB0,MKS1,S387D,0.916
Q9NXB0,MKS1,S387E,0.891
Q9NXB0,MKS1,S387A,1.017
Q9NXB0,MKS1,S387G,0.975
Q9NXB0,MKS1,S387H,0.909
Q9NXB0,MKS1,S387I,0.899
Q9NXB0,MKS1,S387F,0.918
Q9NXB0,MKS1,S388N,1.162
Q9NXB0,MKS1,S388Y,1.022
Q9NXB0,MKS1,S388W,0.948
Q9NXB0,MKS1,S388V,0.988
Q9NXB0,MKS1,S388T,1.145
Q9NXB0,MKS1,S388R,1.027
Q9NXB0,MKS1,S388Q,1.014
Q9NXB0,MKS1,S388P,1.049
Q9NXB0,MKS1,S388M,1.027
Q9NXB0,MKS1,S388L,1.006
Q9NXB0,MKS1,S388K,1.016
Q9NXB0,MKS1,S388C,1.091
Q9NXB0,MKS1,S388D,1.011
Q9NXB0,MKS1,S388E,0.982
Q9NXB0,MKS1,S388A,1.142
Q9NXB0,MKS1,S388G,1.083
Q9NXB0,MKS1,S388H,1.01
Q9NXB0,MKS1,S388I,1.004
Q9NXB0,MKS1,S388F,1.027
Q9NXB0,MKS1,D389P,0.825
Q9NXB0,MKS1,D389Y,0.904
Q9NXB0,MKS1,D389W,0.764
Q9NXB0,MKS1,D389V,0.859
Q9NXB0,MKS1,D389T,0.887
Q9NXB0,MKS1,D389S,0.923
Q9NXB0,MKS1,D389R,0.831
Q9NXB0,MKS1,D389Q,0.918
Q9NXB0,MKS1,D389N,1.013
Q9NXB0,MKS1,D389M,0.828
Q9NXB0,MKS1,D389L,0.79
Q9NXB0,MKS1,D389C,0.841
Q9NXB0,MKS1,D389E,1.035
Q9NXB0,MKS1,D389F,0.848
Q9NXB0,MKS1,D389A,0.9
Q9NXB0,MKS1,D389H,0.933
Q9NXB0,MKS1,D389I,0.841
Q9NXB0,MKS1,D389K,0.884
Q9NXB0,MKS1,D389G,0.932
Q9NXB0,MKS1,A390P,0.942
Q9NXB0,MKS1,A390Y,0.876
Q9NXB0,MKS1,A390W,0.81
Q9NXB0,MKS1,A390V,1.004
Q9NXB0,MKS1,A390T,1.016
Q9NXB0,MKS1,A390S,1.018
Q9NXB0,MKS1,A390R,0.874
Q9NXB0,MKS1,A390Q,0.901
Q9NXB0,MKS1,A390N,0.898
Q9NXB0,MKS1,A390M,0.949
Q9NXB0,MKS1,A390L,0.91
Q9NXB0,MKS1,A390D,0.894
Q9NXB0,MKS1,A390E,0.93
Q9NXB0,MKS1,A390F,0.871
Q9NXB0,MKS1,A390C,0.961
Q9NXB0,MKS1,A390H,0.858
Q9NXB0,MKS1,A390I,0.935
Q9NXB0,MKS1,A390K,0.889
Q9NXB0,MKS1,A390G,0.982
Q9NXB0,MKS1,L391P,0.798
Q9NXB0,MKS1,L391Y,0.806
Q9NXB0,MKS1,L391W,0.804
Q9NXB0,MKS1,L391V,0.902
Q9NXB0,MKS1,L391T,0.81
Q9NXB0,MKS1,L391S,0.796
Q9NXB0,MKS1,L391R,0.807
Q9NXB0,MKS1,L391Q,0.828
Q9NXB0,MKS1,L391N,0.745
Q9NXB0,MKS1,L391M,0.956
Q9NXB0,MKS1,L391K,0.77
Q9NXB0,MKS1,L391C,0.794
Q9NXB0,MKS1,L391D,0.692
Q9NXB0,MKS1,L391E,0.736
Q9NXB0,MKS1,L391A,0.798
Q9NXB0,MKS1,L391G,0.676
Q9NXB0,MKS1,L391H,0.795
Q9NXB0,MKS1,L391I,0.931
Q9NXB0,MKS1,L391F,0.882
Q9NXB0,MKS1,P392N,0.667
Q9NXB0,MKS1,P392Y,0.643
Q9NXB0,MKS1,P392W,0.546
Q9NXB0,MKS1,P392V,0.687
Q9NXB0,MKS1,P392T,0.756
Q9NXB0,MKS1,P392S,0.762
Q9NXB0,MKS1,P392R,0.691
Q9NXB0,MKS1,P392Q,0.761
Q9NXB0,MKS1,P392M,0.696
Q9NXB0,MKS1,P392L,0.688
Q9NXB0,MKS1,P392K,0.686
Q9NXB0,MKS1,P392C,0.641
Q9NXB0,MKS1,P392D,0.656
Q9NXB0,MKS1,P392E,0.697
Q9NXB0,MKS1,P392A,0.77
Q9NXB0,MKS1,P392G,0.647
Q9NXB0,MKS1,P392H,0.706
Q9NXB0,MKS1,P392I,0.644
Q9NXB0,MKS1,P392F,0.606
Q9NXB0,MKS1,E393N,0.861
Q9NXB0,MKS1,E393W,0.718
Q9NXB0,MKS1,E393V,0.823
Q9NXB0,MKS1,E393T,0.822
Q9NXB0,MKS1,E393S,0.841
Q9NXB0,MKS1,E393R,0.85
Q9NXB0,MKS1,E393Q,0.982
Q9NXB0,MKS1,E393P,0.8
Q9NXB0,MKS1,E393M,0.79
Q9NXB0,MKS1,E393Y,0.758
Q9NXB0,MKS1,E393K,0.936
Q9NXB0,MKS1,E393A,0.861
Q9NXB0,MKS1,E393C,0.694
Q9NXB0,MKS1,E393D,0.992
Q9NXB0,MKS1,E393L,0.751
Q9NXB0,MKS1,E393G,0.818
Q9NXB0,MKS1,E393H,0.856
Q9NXB0,MKS1,E393I,0.769
Q9NXB0,MKS1,E393F,0.727
Q9NXB0,MKS1,W394N,0.537
Q9NXB0,MKS1,W394Y,0.805
Q9NXB0,MKS1,W394V,0.606
Q9NXB0,MKS1,W394T,0.649
Q9NXB0,MKS1,W394S,0.62
Q9NXB0,MKS1,W394R,0.66
Q9NXB0,MKS1,W394Q,0.706
Q9NXB0,MKS1,W394P,0.578
Q9NXB0,MKS1,W394M,0.74
Q9NXB0,MKS1,W394L,0.69
Q9NXB0,MKS1,W394K,0.626
Q9NXB0,MKS1,W394C,0.662
Q9NXB0,MKS1,W394D,0.478
Q9NXB0,MKS1,W394E,0.624
Q9NXB0,MKS1,W394A,0.585
Q9NXB0,MKS1,W394G,0.655
Q9NXB0,MKS1,W394H,0.603
Q9NXB0,MKS1,W394I,0.58
Q9NXB0,MKS1,W394F,0.792
Q9NXB0,MKS1,P395N,0.402
Q9NXB0,MKS1,P395Y,0.496
Q9NXB0,MKS1,P395W,0.371
Q9NXB0,MKS1,P395V,0.6
Q9NXB0,MKS1,P395T,0.584
Q9NXB0,MKS1,P395S,0.567
Q9NXB0,MKS1,P395R,0.432
Q9NXB0,MKS1,P395Q,0.526
Q9NXB0,MKS1,P395M,0.61
Q9NXB0,MKS1,P395L,0.614
Q9NXB0,MKS1,P395K,0.422
Q9NXB0,MKS1,P395C,0.597
Q9NXB0,MKS1,P395D,0.415
Q9NXB0,MKS1,P395E,0.444
Q9NXB0,MKS1,P395A,0.643
Q9NXB0,MKS1,P395G,0.455
Q9NXB0,MKS1,P395H,0.51
Q9NXB0,MKS1,P395I,0.545
Q9NXB0,MKS1,P395F,0.566
Q9NXB0,MKS1,V396N,0.396
Q9NXB0,MKS1,V396Y,0.507
Q9NXB0,MKS1,V396W,0.416
Q9NXB0,MKS1,V396T,0.603
Q9NXB0,MKS1,V396S,0.478
Q9NXB0,MKS1,V396R,0.37
Q9NXB0,MKS1,V396Q,0.449
Q9NXB0,MKS1,V396P,0.432
Q9NXB0,MKS1,V396M,0.726
Q9NXB0,MKS1,V396L,0.726
Q9NXB0,MKS1,V396K,0.416
Q9NXB0,MKS1,V396C,0.615
Q9NXB0,MKS1,V396D,0.378
Q9NXB0,MKS1,V396E,0.443
Q9NXB0,MKS1,V396A,0.648
Q9NXB0,MKS1,V396G,0.46
Q9NXB0,MKS1,V396H,0.386
Q9NXB0,MKS1,V396I,0.806
Q9NXB0,MKS1,V396F,0.599
Q9NXB0,MKS1,L397N,0.442
Q9NXB0,MKS1,L397W,0.606
Q9NXB0,MKS1,L397V,0.772
Q9NXB0,MKS1,L397T,0.56
Q9NXB0,MKS1,L397S,0.501
Q9NXB0,MKS1,L397R,0.489
Q9NXB0,MKS1,L397Q,0.501
Q9NXB0,MKS1,L397P,0.442
Q9NXB0,MKS1,L397M,0.818
Q9NXB0,MKS1,L397Y,0.591
Q9NXB0,MKS1,L397I,0.817
Q9NXB0,MKS1,L397A,0.584
Q9NXB0,MKS1,L397C,0.652
Q9NXB0,MKS1,L397D,0.316
Q9NXB0,MKS1,L397K,0.459
Q9NXB0,MKS1,L397F,0.754
Q9NXB0,MKS1,L397G,0.403
Q9NXB0,MKS1,L397H,0.457
Q9NXB0,MKS1,L397E,0.381
Q9NXB0,MKS1,Y398N,0.534
Q9NXB0,MKS1,Y398W,0.73
Q9NXB0,MKS1,Y398V,0.636
Q9NXB0,MKS1,Y398T,0.514
Q9NXB0,MKS1,Y398S,0.517
Q9NXB0,MKS1,Y398R,0.532
Q9NXB0,MKS1,Y398Q,0.562
Q9NXB0,MKS1,Y398P,0.377
Q9NXB0,MKS1,Y398M,0.628
Q9NXB0,MKS1,Y398L,0.683
Q9NXB0,MKS1,Y398K,0.469
Q9NXB0,MKS1,Y398C,0.647
Q9NXB0,MKS1,Y398D,0.403
Q9NXB0,MKS1,Y398E,0.444
Q9NXB0,MKS1,Y398A,0.526
Q9NXB0,MKS1,Y398G,0.492
Q9NXB0,MKS1,Y398H,0.724
Q9NXB0,MKS1,Y398I,0.635
Q9NXB0,MKS1,Y398F,0.855
Q9NXB0,MKS1,C399N,0.482
Q9NXB0,MKS1,C399W,0.576
Q9NXB0,MKS1,C399V,0.669
Q9NXB0,MKS1,C399T,0.57
Q9NXB0,MKS1,C399S,0.598
Q9NXB0,MKS1,C399R,0.505
Q9NXB0,MKS1,C399Q,0.478
Q9NXB0,MKS1,C399P,0.425
Q9NXB0,MKS1,C399M,0.682
Q9NXB0,MKS1,C399Y,0.587
Q9NXB0,MKS1,C399K,0.41
Q9NXB0,MKS1,C399A,0.654
Q9NXB0,MKS1,C399D,0.436
Q9NXB0,MKS1,C399E,0.357
Q9NXB0,MKS1,C399L,0.684
Q9NXB0,MKS1,C399G,0.526
Q9NXB0,MKS1,C399H,0.512
Q9NXB0,MKS1,C399I,0.666
Q9NXB0,MKS1,C399F,0.652
Q9NXB0,MKS1,E400N,0.594
Q9NXB0,MKS1,E400W,0.541
Q9NXB0,MKS1,E400V,0.656
Q9NXB0,MKS1,E400T,0.581
Q9NXB0,MKS1,E400S,0.593
Q9NXB0,MKS1,E400R,0.633
Q9NXB0,MKS1,E400Q,0.766
Q9NXB0,MKS1,E400P,0.482
Q9NXB0,MKS1,E400M,0.678
Q9NXB0,MKS1,E400Y,0.624
Q9NXB0,MKS1,E400K,0.664
Q9NXB0,MKS1,E400A,0.663
Q9NXB0,MKS1,E400C,0.57
Q9NXB0,MKS1,E400D,0.736
Q9NXB0,MKS1,E400L,0.597
Q9NXB0,MKS1,E400G,0.592
Q9NXB0,MKS1,E400H,0.633
Q9NXB0,MKS1,E400I,0.604
Q9NXB0,MKS1,E400F,0.561
Q9NXB0,MKS1,V401M,0.631
Q9NXB0,MKS1,V401W,0.319
Q9NXB0,MKS1,V401T,0.464
Q9NXB0,MKS1,V401S,0.332
Q9NXB0,MKS1,V401R,0.222
Q9NXB0,MKS1,V401Q,0.316
Q9NXB0,MKS1,V401P,0.29
Q9NXB0,MKS1,V401N,0.248
Q9NXB0,MKS1,V401Y,0.408
Q9NXB0,MKS1,V401L,0.653
Q9NXB0,MKS1,V401I,0.726
Q9NXB0,MKS1,V401H,0.268
Q9NXB0,MKS1,V401G,0.312
Q9NXB0,MKS1,V401F,0.532
Q9NXB0,MKS1,V401E,0.28
Q9NXB0,MKS1,V401D,0.218
Q9NXB0,MKS1,V401C,0.516
Q9NXB0,MKS1,V401A,0.521
Q9NXB0,MKS1,V401K,0.264
Q9NXB0,MKS1,L402P,0.316
Q9NXB0,MKS1,L402Q,0.356
Q9NXB0,MKS1,L402R,0.349
Q9NXB0,MKS1,L402N,0.309
Q9NXB0,MKS1,L402T,0.429
Q9NXB0,MKS1,L402V,0.596
Q9NXB0,MKS1,L402W,0.4
Q9NXB0,MKS1,L402S,0.371
Q9NXB0,MKS1,L402M,0.64
Q9NXB0,MKS1,L402Y,0.421
Q9NXB0,MKS1,L402I,0.624
Q9NXB0,MKS1,L402A,0.44
Q9NXB0,MKS1,L402C,0.481
Q9NXB0,MKS1,L402D,0.2
Q9NXB0,MKS1,L402K,0.353
Q9NXB0,MKS1,L402F,0.554
Q9NXB0,MKS1,L402G,0.269
Q9NXB0,MKS1,L402H,0.308
Q9NXB0,MKS1,L402E,0.25
Q9NXB0,MKS1,S403Y,0.492
Q9NXB0,MKS1,S403W,0.438
Q9NXB0,MKS1,S403V,0.504
Q9NXB0,MKS1,S403T,0.634
Q9NXB0,MKS1,S403R,0.468
Q9NXB0,MKS1,S403Q,0.484
Q9NXB0,MKS1,S403P,0.473
Q9NXB0,MKS1,S403M,0.575
Q9NXB0,MKS1,S403L,0.534
Q9NXB0,MKS1,S403N,0.575
Q9NXB0,MKS1,S403I,0.518
Q9NXB0,MKS1,S403K,0.436
Q9NXB0,MKS1,S403C,0.629
Q9NXB0,MKS1,S403D,0.475
Q9NXB0,MKS1,S403E,0.436
Q9NXB0,MKS1,S403A,0.657
Q9NXB0,MKS1,S403G,0.575
Q9NXB0,MKS1,S403H,0.504
Q9NXB0,MKS1,S403F,0.5
Q9NXB0,MKS1,L404N,0.581
Q9NXB0,MKS1,L404Y,0.67
Q9NXB0,MKS1,L404W,0.636
Q9NXB0,MKS1,L404V,0.78
Q9NXB0,MKS1,L404T,0.675
Q9NXB0,MKS1,L404S,0.653
Q9NXB0,MKS1,L404R,0.649
Q9NXB0,MKS1,L404Q,0.672
Q9NXB0,MKS1,L404M,0.832
Q9NXB0,MKS1,L404P,0.658
Q9NXB0,MKS1,L404I,0.813
Q9NXB0,MKS1,L404C,0.637
Q9NXB0,MKS1,L404D,0.544
Q9NXB0,MKS1,L404E,0.59
Q9NXB0,MKS1,L404A,0.666
Q9NXB0,MKS1,L404G,0.531
Q9NXB0,MKS1,L404H,0.641
Q9NXB0,MKS1,L404F,0.755
Q9NXB0,MKS1,L404K,0.615
Q9NXB0,MKS1,D405Y,0.543
Q9NXB0,MKS1,D405N,0.672
Q9NXB0,MKS1,D405W,0.44
Q9NXB0,MKS1,D405V,0.54
Q9NXB0,MKS1,D405T,0.533
Q9NXB0,MKS1,D405S,0.56
Q9NXB0,MKS1,D405R,0.452
Q9NXB0,MKS1,D405Q,0.581
Q9NXB0,MKS1,D405P,0.386
Q9NXB0,MKS1,D405M,0.477
Q9NXB0,MKS1,D405K,0.478
Q9NXB0,MKS1,D405I,0.528
Q9NXB0,MKS1,D405H,0.613
Q9NXB0,MKS1,D405G,0.532
Q9NXB0,MKS1,D405F,0.532
Q9NXB0,MKS1,D405E,0.69
Q9NXB0,MKS1,D405C,0.557
Q9NXB0,MKS1,D405A,0.541
Q9NXB0,MKS1,D405L,0.476
Q9NXB0,MKS1,F406P,0.794
Q9NXB0,MKS1,F406Q,0.861
Q9NXB0,MKS1,F406R,0.852
Q9NXB0,MKS1,F406N,0.836
Q9NXB0,MKS1,F406T,0.885
Q9NXB0,MKS1,F406V,0.919
Q9NXB0,MKS1,F406W,0.94
Q9NXB0,MKS1,F406S,0.898
Q9NXB0,MKS1,F406M,0.928
Q9NXB0,MKS1,F406Y,1.074
Q9NXB0,MKS1,F406K,0.834
Q9NXB0,MKS1,F406A,0.876
Q9NXB0,MKS1,F406C,0.898
Q9NXB0,MKS1,F406D,0.853
Q9NXB0,MKS1,F406L,0.968
Q9NXB0,MKS1,F406G,0.8
Q9NXB0,MKS1,F406H,0.917
Q9NXB0,MKS1,F406I,0.952
Q9NXB0,MKS1,F406E,0.79
Q9NXB0,MKS1,W407N,0.464
Q9NXB0,MKS1,W407Y,0.724
Q9NXB0,MKS1,W407V,0.5
Q9NXB0,MKS1,W407T,0.566
Q9NXB0,MKS1,W407S,0.542
Q9NXB0,MKS1,W407R,0.591
Q9NXB0,MKS1,W407Q,0.632
Q9NXB0,MKS1,W407P,0.49
Q9NXB0,MKS1,W407M,0.637
Q9NXB0,MKS1,W407D,0.409
Q9NXB0,MKS1,W407K,0.554
Q9NXB0,MKS1,W407C,0.563
Q9NXB0,MKS1,W407L,0.582
Q9NXB0,MKS1,W407E,0.555
Q9NXB0,MKS1,W407A,0.491
Q9NXB0,MKS1,W407G,0.566
Q9NXB0,MKS1,W407H,0.527
Q9NXB0,MKS1,W407I,0.479
Q9NXB0,MKS1,W407F,0.69
Q9NXB0,MKS1,Q408M,0.836
Q9NXB0,MKS1,Q408W,0.7
Q9NXB0,MKS1,Q408V,0.75
Q9NXB0,MKS1,Q408T,0.789
Q9NXB0,MKS1,Q408S,0.8
Q9NXB0,MKS1,Q408R,0.881
Q9NXB0,MKS1,Q408P,0.801
Q9NXB0,MKS1,Q408N,0.816
Q9NXB0,MKS1,Q408L,0.778
Q9NXB0,MKS1,Q408Y,0.759
Q9NXB0,MKS1,Q408I,0.716
Q9NXB0,MKS1,Q408A,0.784
Q9NXB0,MKS1,Q408C,0.702
Q9NXB0,MKS1,Q408D,0.784
Q9NXB0,MKS1,Q408K,0.869
Q9NXB0,MKS1,Q408F,0.7
Q9NXB0,MKS1,Q408G,0.726
Q9NXB0,MKS1,Q408H,0.852
Q9NXB0,MKS1,Q408E,0.902
Q9NXB0,MKS1,R409N,0.557
Q9NXB0,MKS1,R409W,0.556
Q9NXB0,MKS1,R409V,0.514
Q9NXB0,MKS1,R409T,0.55
Q9NXB0,MKS1,R409S,0.537
Q9NXB0,MKS1,R409Q,0.642
Q9NXB0,MKS1,R409P,0.423
Q9NXB0,MKS1,R409M,0.628
Q9NXB0,MKS1,R409Y,0.509
Q9NXB0,MKS1,R409L,0.583
Q9NXB0,MKS1,R409A,0.538
Q9NXB0,MKS1,R409C,0.562
Q9NXB0,MKS1,R409D,0.424
Q9NXB0,MKS1,R409E,0.494
Q9NXB0,MKS1,R409K,0.672
Q9NXB0,MKS1,R409G,0.514
Q9NXB0,MKS1,R409H,0.652
Q9NXB0,MKS1,R409I,0.528
Q9NXB0,MKS1,R409F,0.474
Q9NXB0,MKS1,Y410M,0.706
Q9NXB0,MKS1,Y410V,0.682
Q9NXB0,MKS1,Y410T,0.65
Q9NXB0,MKS1,Y410S,0.661
Q9NXB0,MKS1,Y410R,0.619
Q9NXB0,MKS1,Y410Q,0.69
Q9NXB0,MKS1,Y410P,0.615
Q9NXB0,MKS1,Y410N,0.652
Q9NXB0,MKS1,Y410W,0.74
Q9NXB0,MKS1,Y410K,0.614
Q9NXB0,MKS1,Y410I,0.694
Q9NXB0,MKS1,Y410H,0.829
Q9NXB0,MKS1,Y410G,0.565
Q9NXB0,MKS1,Y410F,0.898
Q9NXB0,MKS1,Y410E,0.62
Q9NXB0,MKS1,Y410D,0.612
Q9NXB0,MKS1,Y410C,0.712
Q9NXB0,MKS1,Y410A,0.65
Q9NXB0,MKS1,Y410L,0.722
Q9NXB0,MKS1,R411N,0.494
Q9NXB0,MKS1,R411P,0.367
Q9NXB0,MKS1,R411Q,0.58
Q9NXB0,MKS1,R411M,0.581
Q9NXB0,MKS1,R411T,0.493
Q9NXB0,MKS1,R411V,0.469
Q9NXB0,MKS1,R411W,0.491
Q9NXB0,MKS1,R411S,0.476
Q9NXB0,MKS1,R411Y,0.45
Q9NXB0,MKS1,R411L,0.548
Q9NXB0,MKS1,R411I,0.483
Q9NXB0,MKS1,R411A,0.48
Q9NXB0,MKS1,R411C,0.5
Q9NXB0,MKS1,R411D,0.366
Q9NXB0,MKS1,R411K,0.601
Q9NXB0,MKS1,R411F,0.428
Q9NXB0,MKS1,R411G,0.456
Q9NXB0,MKS1,R411H,0.593
Q9NXB0,MKS1,R411E,0.434
Q9NXB0,MKS1,V412N,0.41
Q9NXB0,MKS1,V412Y,0.532
Q9NXB0,MKS1,V412W,0.464
Q9NXB0,MKS1,V412T,0.593
Q9NXB0,MKS1,V412S,0.466
Q9NXB0,MKS1,V412R,0.394
Q9NXB0,MKS1,V412Q,0.454
Q9NXB0,MKS1,V412P,0.425
Q9NXB0,MKS1,V412M,0.734
Q9NXB0,MKS1,V412L,0.74
Q9NXB0,MKS1,V412K,0.419
Q9NXB0,MKS1,V412C,0.615
Q9NXB0,MKS1,V412D,0.401
Q9NXB0,MKS1,V412E,0.455
Q9NXB0,MKS1,V412A,0.638
Q9NXB0,MKS1,V412G,0.468
Q9NXB0,MKS1,V412H,0.416
Q9NXB0,MKS1,V412I,0.818
Q9NXB0,MKS1,V412F,0.631
Q9NXB0,MKS1,E413P,0.364
Q9NXB0,MKS1,E413Y,0.519
Q9NXB0,MKS1,E413W,0.424
Q9NXB0,MKS1,E413V,0.558
Q9NXB0,MKS1,E413T,0.474
Q9NXB0,MKS1,E413S,0.484
Q9NXB0,MKS1,E413R,0.526
Q9NXB0,MKS1,E413Q,0.656
Q9NXB0,MKS1,E413N,0.485
Q9NXB0,MKS1,E413M,0.579
Q9NXB0,MKS1,E413L,0.51
Q9NXB0,MKS1,E413C,0.466
Q9NXB0,MKS1,E413D,0.629
Q9NXB0,MKS1,E413F,0.468
Q9NXB0,MKS1,E413A,0.554
Q9NXB0,MKS1,E413H,0.526
Q9NXB0,MKS1,E413I,0.506
Q9NXB0,MKS1,E413K,0.552
Q9NXB0,MKS1,E413G,0.484
Q9NXB0,MKS1,G414P,0.36
Q9NXB0,MKS1,G414Y,0.296
Q9NXB0,MKS1,G414W,0.392
Q9NXB0,MKS1,G414V,0.476
Q9NXB0,MKS1,G414T,0.435
Q9NXB0,MKS1,G414S,0.558
Q9NXB0,MKS1,G414R,0.398
Q9NXB0,MKS1,G414Q,0.364
Q9NXB0,MKS1,G414N,0.47
Q9NXB0,MKS1,G414M,0.462
Q9NXB0,MKS1,G414L,0.395
Q9NXB0,MKS1,G414C,0.506
Q9NXB0,MKS1,G414D,0.414
Q9NXB0,MKS1,G414E,0.403
Q9NXB0,MKS1,G414A,0.629
Q9NXB0,MKS1,G414H,0.332
Q9NXB0,MKS1,G414I,0.406
Q9NXB0,MKS1,G414K,0.353
Q9NXB0,MKS1,G414F,0.386
Q9NXB0,MKS1,Y415M,0.565
Q9NXB0,MKS1,Y415V,0.575
Q9NXB0,MKS1,Y415T,0.436
Q9NXB0,MKS1,Y415S,0.428
Q9NXB0,MKS1,Y415R,0.444
Q9NXB0,MKS1,Y415Q,0.486
Q9NXB0,MKS1,Y415P,0.279
Q9NXB0,MKS1,Y415N,0.44
Q9NXB0,MKS1,Y415L,0.621
Q9NXB0,MKS1,Y415W,0.67
Q9NXB0,MKS1,Y415I,0.565
Q9NXB0,MKS1,Y415A,0.455
Q9NXB0,MKS1,Y415C,0.554
Q9NXB0,MKS1,Y415D,0.302
Q9NXB0,MKS1,Y415K,0.392
Q9NXB0,MKS1,Y415F,0.793
Q9NXB0,MKS1,Y415G,0.414
Q9NXB0,MKS1,Y415H,0.657
Q9NXB0,MKS1,Y415E,0.364
Q9NXB0,MKS1,G416P,0.472
Q9NXB0,MKS1,G416Y,0.414
Q9NXB0,MKS1,G416W,0.514
Q9NXB0,MKS1,G416V,0.569
Q9NXB0,MKS1,G416T,0.54
Q9NXB0,MKS1,G416S,0.671
Q9NXB0,MKS1,G416R,0.511
Q9NXB0,MKS1,G416Q,0.484
Q9NXB0,MKS1,G416N,0.587
Q9NXB0,MKS1,G416M,0.573
Q9NXB0,MKS1,G416L,0.502
Q9NXB0,MKS1,G416C,0.607
Q9NXB0,MKS1,G416D,0.516
Q9NXB0,MKS1,G416E,0.506
Q9NXB0,MKS1,G416A,0.745
Q9NXB0,MKS1,G416H,0.454
Q9NXB0,MKS1,G416I,0.517
Q9NXB0,MKS1,G416K,0.464
Q9NXB0,MKS1,G416F,0.496
Q9NXB0,MKS1,A417N,0.778
Q9NXB0,MKS1,A417W,0.726
Q9NXB0,MKS1,A417V,0.93
Q9NXB0,MKS1,A417T,0.914
Q9NXB0,MKS1,A417S,0.916
Q9NXB0,MKS1,A417R,0.77
Q9NXB0,MKS1,A417Q,0.8
Q9NXB0,MKS1,A417P,0.85
Q9NXB0,MKS1,A417M,0.864
Q9NXB0,MKS1,A417Y,0.778
Q9NXB0,MKS1,A417K,0.78
Q9NXB0,MKS1,A417C,0.864
Q9NXB0,MKS1,A417D,0.779
Q9NXB0,MKS1,A417E,0.824
Q9NXB0,MKS1,A417L,0.852
Q9NXB0,MKS1,A417G,0.872
Q9NXB0,MKS1,A417H,0.75
Q9NXB0,MKS1,A417I,0.854
Q9NXB0,MKS1,A417F,0.802
Q9NXB0,MKS1,V418M,0.84
Q9NXB0,MKS1,V418W,0.625
Q9NXB0,MKS1,V418T,0.787
Q9NXB0,MKS1,V418S,0.678
Q9NXB0,MKS1,V418R,0.637
Q9NXB0,MKS1,V418Q,0.664
Q9NXB0,MKS1,V418P,0.684
Q9NXB0,MKS1,V418N,0.641
Q9NXB0,MKS1,V418L,0.837
Q9NXB0,MKS1,V418Y,0.7
Q9NXB0,MKS1,V418I,0.914
Q9NXB0,MKS1,V418A,0.781
Q9NXB0,MKS1,V418C,0.698
Q9NXB0,MKS1,V418D,0.648
Q9NXB0,MKS1,V418K,0.667
Q9NXB0,MKS1,V418F,0.759
Q9NXB0,MKS1,V418G,0.682
Q9NXB0,MKS1,V418H,0.627
Q9NXB0,MKS1,V418E,0.703
Q9NXB0,MKS1,V419M,0.895
Q9NXB0,MKS1,V419W,0.692
Q9NXB0,MKS1,V419T,0.856
Q9NXB0,MKS1,V419S,0.751
Q9NXB0,MKS1,V419R,0.714
Q9NXB0,MKS1,V419Q,0.742
Q9NXB0,MKS1,V419P,0.754
Q9NXB0,MKS1,V419N,0.718
Q9NXB0,MKS1,V419Y,0.77
Q9NXB0,MKS1,V419L,0.886
Q9NXB0,MKS1,V419I,0.968
Q9NXB0,MKS1,V419H,0.701
Q9NXB0,MKS1,V419G,0.749
Q9NXB0,MKS1,V419F,0.812
Q9NXB0,MKS1,V419E,0.788
Q9NXB0,MKS1,V419D,0.734
Q9NXB0,MKS1,V419C,0.753
Q9NXB0,MKS1,V419A,0.842
Q9NXB0,MKS1,V419K,0.743
Q9NXB0,MKS1,L420Q,0.676
Q9NXB0,MKS1,L420R,0.65
Q9NXB0,MKS1,L420S,0.656
Q9NXB0,MKS1,L420P,0.666
Q9NXB0,MKS1,L420V,0.837
Q9NXB0,MKS1,L420W,0.686
Q9NXB0,MKS1,L420Y,0.706
Q9NXB0,MKS1,L420T,0.686
Q9NXB0,MKS1,L420N,0.578
Q9NXB0,MKS1,L420F,0.824
Q9NXB0,MKS1,L420K,0.603
Q9NXB0,MKS1,L420C,0.682
Q9NXB0,MKS1,L420D,0.532
Q9NXB0,MKS1,L420E,0.582
Q9NXB0,MKS1,L420A,0.692
Q9NXB0,MKS1,L420G,0.54
Q9NXB0,MKS1,L420H,0.655
Q9NXB0,MKS1,L420I,0.877
Q9NXB0,MKS1,L420M,0.885
Q9NXB0,MKS1,P421N,0.666
Q9NXB0,MKS1,P421Y,0.649
Q9NXB0,MKS1,P421W,0.574
Q9NXB0,MKS1,P421V,0.75
Q9NXB0,MKS1,P421T,0.768
Q9NXB0,MKS1,P421S,0.768
Q9NXB0,MKS1,P421R,0.676
Q9NXB0,MKS1,P421Q,0.762
Q9NXB0,MKS1,P421M,0.744
Q9NXB0,MKS1,P421L,0.766
Q9NXB0,MKS1,P421K,0.684
Q9NXB0,MKS1,P421C,0.654
Q9NXB0,MKS1,P421D,0.674
Q9NXB0,MKS1,P421E,0.702
Q9NXB0,MKS1,P421A,0.792
Q9NXB0,MKS1,P421G,0.672
Q9NXB0,MKS1,P421H,0.709
Q9NXB0,MKS1,P421I,0.7
Q9NXB0,MKS1,P421F,0.658
Q9NXB0,MKS1,A422P,0.861
Q9NXB0,MKS1,A422Y,0.792
Q9NXB0,MKS1,A422W,0.728
Q9NXB0,MKS1,A422V,0.908
Q9NXB0,MKS1,A422T,0.912
Q9NXB0,MKS1,A422S,0.924
Q9NXB0,MKS1,A422R,0.786
Q9NXB0,MKS1,A422Q,0.82
Q9NXB0,MKS1,A422N,0.806
Q9NXB0,MKS1,A422M,0.858
Q9NXB0,MKS1,A422L,0.831
Q9NXB0,MKS1,A422D,0.806
Q9NXB0,MKS1,A422E,0.842
Q9NXB0,MKS1,A422F,0.794
Q9NXB0,MKS1,A422C,0.861
Q9NXB0,MKS1,A422H,0.778
Q9NXB0,MKS1,A422I,0.843
Q9NXB0,MKS1,A422K,0.811
Q9NXB0,MKS1,A422G,0.882
Q9NXB0,MKS1,T423N,0.99
Q9NXB0,MKS1,T423Y,0.876
Q9NXB0,MKS1,T423W,0.808
Q9NXB0,MKS1,T423V,0.984
Q9NXB0,MKS1,T423S,1.023
Q9NXB0,MKS1,T423R,0.925
Q9NXB0,MKS1,T423Q,0.913
Q9NXB0,MKS1,T423P,0.946
Q9NXB0,MKS1,T423M,0.992
Q9NXB0,MKS1,T423L,0.919
Q9NXB0,MKS1,T423K,0.928
Q9NXB0,MKS1,T423C,0.906
Q9NXB0,MKS1,T423D,0.886
Q9NXB0,MKS1,T423E,0.904
Q9NXB0,MKS1,T423A,1.001
Q9NXB0,MKS1,T423G,0.885
Q9NXB0,MKS1,T423H,0.894
Q9NXB0,MKS1,T423I,0.974
Q9NXB0,MKS1,T423F,0.883
Q9NXB0,MKS1,P424N,0.696
Q9NXB0,MKS1,P424Y,0.656
Q9NXB0,MKS1,P424W,0.567
Q9NXB0,MKS1,P424V,0.72
Q9NXB0,MKS1,P424T,0.78
Q9NXB0,MKS1,P424S,0.786
Q9NXB0,MKS1,P424R,0.712
Q9NXB0,MKS1,P424Q,0.782
Q9NXB0,MKS1,P424M,0.719
Q9NXB0,MKS1,P424L,0.736
Q9NXB0,MKS1,P424K,0.722
Q9NXB0,MKS1,P424C,0.635
Q9NXB0,MKS1,P424D,0.701
Q9NXB0,MKS1,P424E,0.729
Q9NXB0,MKS1,P424A,0.793
Q9NXB0,MKS1,P424G,0.686
Q9NXB0,MKS1,P424H,0.724
Q9NXB0,MKS1,P424I,0.678
Q9NXB0,MKS1,P424F,0.623
Q9NXB0,MKS1,G425P,0.603
Q9NXB0,MKS1,G425Y,0.538
Q9NXB0,MKS1,G425W,0.602
Q9NXB0,MKS1,G425V,0.624
Q9NXB0,MKS1,G425T,0.63
Q9NXB0,MKS1,G425S,0.766
Q9NXB0,MKS1,G425R,0.626
Q9NXB0,MKS1,G425Q,0.605
Q9NXB0,MKS1,G425N,0.734
Q9NXB0,MKS1,G425M,0.536
Q9NXB0,MKS1,G425L,0.516
Q9NXB0,MKS1,G425C,0.635
Q9NXB0,MKS1,G425D,0.692
Q9NXB0,MKS1,G425E,0.637
Q9NXB0,MKS1,G425A,0.756
Q9NXB0,MKS1,G425H,0.605
Q9NXB0,MKS1,G425I,0.544
Q9NXB0,MKS1,G425K,0.603
Q9NXB0,MKS1,G425F,0.577
Q9NXB0,MKS1,S426N,1.172
Q9NXB0,MKS1,S426Y,1.01
Q9NXB0,MKS1,S426W,0.93
Q9NXB0,MKS1,S426V,1.004
Q9NXB0,MKS1,S426T,1.154
Q9NXB0,MKS1,S426R,1.039
Q9NXB0,MKS1,S426Q,1.055
Q9NXB0,MKS1,S426P,1.067
Q9NXB0,MKS1,S426M,1.034
Q9NXB0,MKS1,S426L,1.016
Q9NXB0,MKS1,S426K,1.062
Q9NXB0,MKS1,S426C,1.076
Q9NXB0,MKS1,S426D,1.059
Q9NXB0,MKS1,S426E,1.042
Q9NXB0,MKS1,S426A,1.149
Q9NXB0,MKS1,S426G,1.104
Q9NXB0,MKS1,S426H,1.024
Q9NXB0,MKS1,S426I,1.006
Q9NXB0,MKS1,S426F,1.035
Q9NXB0,MKS1,H427P,0.724
Q9NXB0,MKS1,H427Y,0.878
Q9NXB0,MKS1,H427W,0.722
Q9NXB0,MKS1,H427V,0.677
Q9NXB0,MKS1,H427T,0.706
Q9NXB0,MKS1,H427S,0.736
Q9NXB0,MKS1,H427R,0.82
Q9NXB0,MKS1,H427Q,0.819
Q9NXB0,MKS1,H427N,0.841
Q9NXB0,MKS1,H427M,0.742
Q9NXB0,MKS1,H427L,0.734
Q9NXB0,MKS1,H427C,0.74
Q9NXB0,MKS1,H427D,0.756
Q9NXB0,MKS1,H427E,0.744
Q9NXB0,MKS1,H427A,0.694
Q9NXB0,MKS1,H427G,0.704
Q9NXB0,MKS1,H427I,0.685
Q9NXB0,MKS1,H427K,0.732
Q9NXB0,MKS1,H427F,0.78
Q9NXB0,MKS1,T428M,1.028
Q9NXB0,MKS1,T428W,0.878
Q9NXB0,MKS1,T428V,1.028
Q9NXB0,MKS1,T428S,1.07
Q9NXB0,MKS1,T428R,0.976
Q9NXB0,MKS1,T428Q,0.964
Q9NXB0,MKS1,T428P,0.991
Q9NXB0,MKS1,T428N,1.039
Q9NXB0,MKS1,T428L,0.96
Q9NXB0,MKS1,T428Y,0.91
Q9NXB0,MKS1,T428I,1.017
Q9NXB0,MKS1,T428A,1.044
Q9NXB0,MKS1,T428C,0.937
Q9NXB0,MKS1,T428D,0.938
Q9NXB0,MKS1,T428K,0.976
Q9NXB0,MKS1,T428F,0.914
Q9NXB0,MKS1,T428G,0.928
Q9NXB0,MKS1,T428H,0.942
Q9NXB0,MKS1,T428E,0.958
Q9NXB0,MKS1,L429P,0.82
Q9NXB0,MKS1,L429Y,0.836
Q9NXB0,MKS1,L429W,0.808
Q9NXB0,MKS1,L429V,0.952
Q9NXB0,MKS1,L429T,0.838
Q9NXB0,MKS1,L429S,0.814
Q9NXB0,MKS1,L429R,0.808
Q9NXB0,MKS1,L429Q,0.834
Q9NXB0,MKS1,L429N,0.74
Q9NXB0,MKS1,L429M,1.0
Q9NXB0,MKS1,L429K,0.772
Q9NXB0,MKS1,L429C,0.808
Q9NXB0,MKS1,L429D,0.7
Q9NXB0,MKS1,L429E,0.748
Q9NXB0,MKS1,L429A,0.834
Q9NXB0,MKS1,L429G,0.694
Q9NXB0,MKS1,L429H,0.802
Q9NXB0,MKS1,L429I,0.984
Q9NXB0,MKS1,L429F,0.925
Q9NXB0,MKS1,T430N,0.906
Q9NXB0,MKS1,T430Y,0.772
Q9NXB0,MKS1,T430W,0.739
Q9NXB0,MKS1,T430V,0.898
Q9NXB0,MKS1,T430S,0.938
Q9NXB0,MKS1,T430R,0.841
Q9NXB0,MKS1,T430Q,0.828
Q9NXB0,MKS1,T430P,0.858
Q9NXB0,MKS1,T430M,0.896
Q9NXB0,MKS1,T430L,0.827
Q9NXB0,MKS1,T430K,0.844
Q9NXB0,MKS1,T430C,0.806
Q9NXB0,MKS1,T430D,0.8
Q9NXB0,MKS1,T430E,0.819
Q9NXB0,MKS1,T430A,0.914
Q9NXB0,MKS1,T430G,0.797
Q9NXB0,MKS1,T430H,0.806
Q9NXB0,MKS1,T430I,0.884
Q9NXB0,MKS1,T430F,0.779
Q9NXB0,MKS1,V431N,0.606
Q9NXB0,MKS1,V431Y,0.728
Q9NXB0,MKS1,V431W,0.664
Q9NXB0,MKS1,V431T,0.797
Q9NXB0,MKS1,V431S,0.671
Q9NXB0,MKS1,V431R,0.585
Q9NXB0,MKS1,V431Q,0.661
Q9NXB0,MKS1,V431P,0.628
Q9NXB0,MKS1,V431M,0.93
Q9NXB0,MKS1,V431L,0.932
Q9NXB0,MKS1,V431K,0.612
Q9NXB0,MKS1,V431C,0.825
Q9NXB0,MKS1,V431D,0.584
Q9NXB0,MKS1,V431E,0.642
Q9NXB0,MKS1,V431A,0.848
Q9NXB0,MKS1,V431G,0.664
Q9NXB0,MKS1,V431H,0.616
Q9NXB0,MKS1,V431I,1.014
Q9NXB0,MKS1,V431F,0.822
Q9NXB0,MKS1,S432M,0.9
Q9NXB0,MKS1,S432W,0.79
Q9NXB0,MKS1,S432V,0.866
Q9NXB0,MKS1,S432T,1.033
Q9NXB0,MKS1,S432R,0.902
Q9NXB0,MKS1,S432Q,0.914
Q9NXB0,MKS1,S432P,0.938
Q9NXB0,MKS1,S432N,1.052
Q9NXB0,MKS1,S432L,0.879
Q9NXB0,MKS1,S432Y,0.876
Q9NXB0,MKS1,S432I,0.869
Q9NXB0,MKS1,S432A,1.028
Q9NXB0,MKS1,S432C,0.954
Q9NXB0,MKS1,S432D,0.914
Q9NXB0,MKS1,S432K,0.918
Q9NXB0,MKS1,S432F,0.898
Q9NXB0,MKS1,S432G,0.982
Q9NXB0,MKS1,S432H,0.884
Q9NXB0,MKS1,S432E,0.891
Q9NXB0,MKS1,T433N,0.53
Q9NXB0,MKS1,T433Y,0.465
Q9NXB0,MKS1,T433W,0.366
Q9NXB0,MKS1,T433V,0.684
Q9NXB0,MKS1,T433S,0.621
Q9NXB0,MKS1,T433R,0.43
Q9NXB0,MKS1,T433Q,0.453
Q9NXB0,MKS1,T433P,0.458
Q9NXB0,MKS1,T433M,0.641
Q9NXB0,MKS1,T433L,0.643
Q9NXB0,MKS1,T433K,0.45
Q9NXB0,MKS1,T433C,0.644
Q9NXB0,MKS1,T433D,0.414
Q9NXB0,MKS1,T433E,0.393
Q9NXB0,MKS1,T433A,0.651
Q9NXB0,MKS1,T433G,0.461
Q9NXB0,MKS1,T433H,0.397
Q9NXB0,MKS1,T433I,0.646
Q9NXB0,MKS1,T433F,0.536
Q9NXB0,MKS1,W434M,0.626
Q9NXB0,MKS1,W434V,0.545
Q9NXB0,MKS1,W434T,0.518
Q9NXB0,MKS1,W434S,0.488
Q9NXB0,MKS1,W434R,0.496
Q9NXB0,MKS1,W434Q,0.514
Q9NXB0,MKS1,W434P,0.326
Q9NXB0,MKS1,W434N,0.386
Q9NXB0,MKS1,W434L,0.62
Q9NXB0,MKS1,W434Y,0.722
Q9NXB0,MKS1,W434I,0.508
Q9NXB0,MKS1,W434A,0.514
Q9NXB0,MKS1,W434C,0.629
Q9NXB0,MKS1,W434D,0.375
Q9NXB0,MKS1,W434K,0.46
Q9NXB0,MKS1,W434F,0.704
Q9NXB0,MKS1,W434G,0.562
Q9NXB0,MKS1,W434H,0.528
Q9NXB0,MKS1,W434E,0.443
Q9NXB0,MKS1,R435M,0.727
Q9NXB0,MKS1,R435W,0.641
Q9NXB0,MKS1,R435V,0.612
Q9NXB0,MKS1,R435T,0.642
Q9NXB0,MKS1,R435S,0.625
Q9NXB0,MKS1,R435Q,0.734
Q9NXB0,MKS1,R435P,0.495
Q9NXB0,MKS1,R435N,0.646
Q9NXB0,MKS1,R435L,0.689
Q9NXB0,MKS1,R435Y,0.601
Q9NXB0,MKS1,R435I,0.631
Q9NXB0,MKS1,R435A,0.624
Q9NXB0,MKS1,R435C,0.637
Q9NXB0,MKS1,R435D,0.509
Q9NXB0,MKS1,R435K,0.764
Q9NXB0,MKS1,R435F,0.574
Q9NXB0,MKS1,R435G,0.594
Q9NXB0,MKS1,R435H,0.746
Q9NXB0,MKS1,R435E,0.582
Q9NXB0,MKS1,P436M,0.722
Q9NXB0,MKS1,P436W,0.526
Q9NXB0,MKS1,P436V,0.724
Q9NXB0,MKS1,P436T,0.724
Q9NXB0,MKS1,P436S,0.722
Q9NXB0,MKS1,P436R,0.64
Q9NXB0,MKS1,P436Q,0.718
Q9NXB0,MKS1,P436N,0.625
Q9NXB0,MKS1,P436Y,0.611
Q9NXB0,MKS1,P436L,0.748
Q9NXB0,MKS1,P436I,0.675
Q9NXB0,MKS1,P436H,0.672
Q9NXB0,MKS1,P436G,0.631
Q9NXB0,MKS1,P436F,0.626
Q9NXB0,MKS1,P436E,0.656
Q9NXB0,MKS1,P436D,0.624
Q9NXB0,MKS1,P436C,0.616
Q9NXB0,MKS1,P436A,0.754
Q9NXB0,MKS1,P436K,0.641
Q9NXB0,MKS1,V437N,0.788
Q9NXB0,MKS1,V437P,0.812
Q9NXB0,MKS1,V437Q,0.811
Q9NXB0,MKS1,V437M,0.962
Q9NXB0,MKS1,V437S,0.824
Q9NXB0,MKS1,V437T,0.929
Q9NXB0,MKS1,V437W,0.752
Q9NXB0,MKS1,V437R,0.781
Q9NXB0,MKS1,V437L,0.95
Q9NXB0,MKS1,V437Y,0.832
Q9NXB0,MKS1,V437I,1.03
Q9NXB0,MKS1,V437A,0.912
Q9NXB0,MKS1,V437C,0.821
Q9NXB0,MKS1,V437D,0.8
Q9NXB0,MKS1,V437K,0.812
Q9NXB0,MKS1,V437F,0.876
Q9NXB0,MKS1,V437G,0.822
Q9NXB0,MKS1,V437H,0.765
Q9NXB0,MKS1,V437E,0.856
Q9NXB0,MKS1,E438Y,0.915
Q9NXB0,MKS1,E438W,0.869
Q9NXB0,MKS1,E438V,0.984
Q9NXB0,MKS1,E438T,0.968
Q9NXB0,MKS1,E438S,0.982
Q9NXB0,MKS1,E438R,0.986
Q9NXB0,MKS1,E438Q,1.109
Q9NXB0,MKS1,E438N,0.997
Q9NXB0,MKS1,E438M,0.951
Q9NXB0,MKS1,E438P,0.949
Q9NXB0,MKS1,E438K,1.06
Q9NXB0,MKS1,E438L,0.922
Q9NXB0,MKS1,E438C,0.845
Q9NXB0,MKS1,E438D,1.116
Q9NXB0,MKS1,E438F,0.892
Q9NXB0,MKS1,E438A,1.003
Q9NXB0,MKS1,E438H,0.996
Q9NXB0,MKS1,E438I,0.938
Q9NXB0,MKS1,E438G,0.962
Q9NXB0,MKS1,L439N,0.937
Q9NXB0,MKS1,L439Y,1.018
Q9NXB0,MKS1,L439W,0.983
Q9NXB0,MKS1,L439V,1.112
Q9NXB0,MKS1,L439T,1.024
Q9NXB0,MKS1,L439S,1.006
Q9NXB0,MKS1,L439R,1.006
Q9NXB0,MKS1,L439Q,1.03
Q9NXB0,MKS1,L439M,1.164
Q9NXB0,MKS1,L439P,1.007
Q9NXB0,MKS1,L439I,1.144
Q9NXB0,MKS1,L439C,0.972
Q9NXB0,MKS1,L439D,0.896
Q9NXB0,MKS1,L439E,0.946
Q9NXB0,MKS1,L439A,1.01
Q9NXB0,MKS1,L439G,0.869
Q9NXB0,MKS1,L439H,0.994
Q9NXB0,MKS1,L439F,1.083
Q9NXB0,MKS1,L439K,0.972
Q9NXB0,MKS1,G440Y,0.766
Q9NXB0,MKS1,G440N,0.908
Q9NXB0,MKS1,G440W,0.832
Q9NXB0,MKS1,G440V,0.835
Q9NXB0,MKS1,G440T,0.821
Q9NXB0,MKS1,G440S,0.93
Q9NXB0,MKS1,G440R,0.844
Q9NXB0,MKS1,G440Q,0.808
Q9NXB0,MKS1,G440P,0.786
Q9NXB0,MKS1,G440M,0.76
Q9NXB0,MKS1,G440K,0.805
Q9NXB0,MKS1,G440I,0.777
Q9NXB0,MKS1,G440H,0.813
Q9NXB0,MKS1,G440F,0.816
Q9NXB0,MKS1,G440E,0.834
Q9NXB0,MKS1,G440D,0.873
Q9NXB0,MKS1,G440C,0.824
Q9NXB0,MKS1,G440A,0.92
Q9NXB0,MKS1,G440L,0.758
Q9NXB0,MKS1,T441N,0.952
Q9NXB0,MKS1,T441P,0.908
Q9NXB0,MKS1,T441Q,0.876
Q9NXB0,MKS1,T441M,0.948
Q9NXB0,MKS1,T441S,0.986
Q9NXB0,MKS1,T441V,0.95
Q9NXB0,MKS1,T441W,0.77
Q9NXB0,MKS1,T441R,0.893
Q9NXB0,MKS1,T441L,0.88
Q9NXB0,MKS1,T441Y,0.823
Q9NXB0,MKS1,T441I,0.934
Q9NXB0,MKS1,T441A,0.965
Q9NXB0,MKS1,T441C,0.857
Q9NXB0,MKS1,T441D,0.843
Q9NXB0,MKS1,T441K,0.898
Q9NXB0,MKS1,T441F,0.83
Q9NXB0,MKS1,T441G,0.845
Q9NXB0,MKS1,T441H,0.855
Q9NXB0,MKS1,T441E,0.863
Q9NXB0,MKS1,V442N,0.717
Q9NXB0,MKS1,V442Y,0.772
Q9NXB0,MKS1,V442W,0.701
Q9NXB0,MKS1,V442T,0.858
Q9NXB0,MKS1,V442S,0.752
Q9NXB0,MKS1,V442R,0.71
Q9NXB0,MKS1,V442Q,0.738
Q9NXB0,MKS1,V442P,0.756
Q9NXB0,MKS1,V442M,0.905
Q9NXB0,MKS1,V442D,0.731
Q9NXB0,MKS1,V442K,0.738
Q9NXB0,MKS1,V442C,0.762
Q9NXB0,MKS1,V442L,0.899
Q9NXB0,MKS1,V442E,0.782
Q9NXB0,MKS1,V442A,0.847
Q9NXB0,MKS1,V442G,0.755
Q9NXB0,MKS1,V442H,0.7
Q9NXB0,MKS1,V442I,0.975
Q9NXB0,MKS1,V442F,0.822
Q9NXB0,MKS1,A443N,0.686
Q9NXB0,MKS1,A443W,0.627
Q9NXB0,MKS1,A443V,0.874
Q9NXB0,MKS1,A443T,0.846
Q9NXB0,MKS1,A443S,0.868
Q9NXB0,MKS1,A443R,0.688
Q9NXB0,MKS1,A443Q,0.697
Q9NXB0,MKS1,A443P,0.714
Q9NXB0,MKS1,A443M,0.81
Q9NXB0,MKS1,A443Y,0.717
Q9NXB0,MKS1,A443K,0.67
Q9NXB0,MKS1,A443C,0.858
Q9NXB0,MKS1,A443D,0.671
Q9NXB0,MKS1,A443E,0.702
Q9NXB0,MKS1,A443L,0.802
Q9NXB0,MKS1,A443G,0.847
Q9NXB0,MKS1,A443H,0.684
Q9NXB0,MKS1,A443I,0.808
Q9NXB0,MKS1,A443F,0.744
Q9NXB0,MKS1,E444P,0.808
Q9NXB0,MKS1,E444W,0.712
Q9NXB0,MKS1,E444V,0.836
Q9NXB0,MKS1,E444T,0.826
Q9NXB0,MKS1,E444S,0.842
Q9NXB0,MKS1,E444R,0.84
Q9NXB0,MKS1,E444Q,0.964
Q9NXB0,MKS1,E444N,0.856
Q9NXB0,MKS1,E444Y,0.764
Q9NXB0,MKS1,E444M,0.802
Q9NXB0,MKS1,E444A,0.861
Q9NXB0,MKS1,E444C,0.7
Q9NXB0,MKS1,E444D,0.977
Q9NXB0,MKS1,E444F,0.736
Q9NXB0,MKS1,E444L,0.772
Q9NXB0,MKS1,E444H,0.851
Q9NXB0,MKS1,E444I,0.784
Q9NXB0,MKS1,E444K,0.918
Q9NXB0,MKS1,E444G,0.825
Q9NXB0,MKS1,L445N,0.564
Q9NXB0,MKS1,L445W,0.664
Q9NXB0,MKS1,L445V,0.827
Q9NXB0,MKS1,L445T,0.666
Q9NXB0,MKS1,L445S,0.614
Q9NXB0,MKS1,L445R,0.605
Q9NXB0,MKS1,L445Q,0.62
Q9NXB0,MKS1,L445P,0.579
Q9NXB0,MKS1,L445Y,0.665
Q9NXB0,MKS1,L445K,0.588
Q9NXB0,MKS1,L445I,0.859
Q9NXB0,MKS1,L445H,0.585
Q9NXB0,MKS1,L445G,0.512
Q9NXB0,MKS1,L445F,0.788
Q9NXB0,MKS1,L445E,0.51
Q9NXB0,MKS1,L445D,0.464
Q9NXB0,MKS1,L445C,0.714
Q9NXB0,MKS1,L445A,0.676
Q9NXB0,MKS1,L445M,0.871
Q9NXB0,MKS1,R446N,0.801
Q9NXB0,MKS1,R446P,0.728
Q9NXB0,MKS1,R446Q,0.865
Q9NXB0,MKS1,R446M,0.79
Q9NXB0,MKS1,R446T,0.779
Q9NXB0,MKS1,R446V,0.712
Q9NXB0,MKS1,R446W,0.736
Q9NXB0,MKS1,R446S,0.774
Q9NXB0,MKS1,R446Y,0.725
Q9NXB0,MKS1,R446L,0.766
Q9NXB0,MKS1,R446I,0.716
Q9NXB0,MKS1,R446A,0.74
Q9NXB0,MKS1,R446C,0.764
Q9NXB0,MKS1,R446D,0.668
Q9NXB0,MKS1,R446K,0.9
Q9NXB0,MKS1,R446F,0.659
Q9NXB0,MKS1,R446G,0.758
Q9NXB0,MKS1,R446H,0.84
Q9NXB0,MKS1,R446E,0.766
Q9NXB0,MKS1,R447N,0.566
Q9NXB0,MKS1,R447Y,0.536
Q9NXB0,MKS1,R447W,0.591
Q9NXB0,MKS1,R447V,0.54
Q9NXB0,MKS1,R447T,0.565
Q9NXB0,MKS1,R447S,0.548
Q9NXB0,MKS1,R447Q,0.653
Q9NXB0,MKS1,R447P,0.436
Q9NXB0,MKS1,R447M,0.654
Q9NXB0,MKS1,R447L,0.62
Q9NXB0,MKS1,R447K,0.681
Q9NXB0,MKS1,R447C,0.585
Q9NXB0,MKS1,R447D,0.436
Q9NXB0,MKS1,R447E,0.506
Q9NXB0,MKS1,R447A,0.548
Q9NXB0,MKS1,R447G,0.521
Q9NXB0,MKS1,R447H,0.667
Q9NXB0,MKS1,R447I,0.562
Q9NXB0,MKS1,R447F,0.509
Q9NXB0,MKS1,F448P,0.605
Q9NXB0,MKS1,F448Y,0.888
Q9NXB0,MKS1,F448W,0.742
Q9NXB0,MKS1,F448V,0.733
Q9NXB0,MKS1,F448T,0.708
Q9NXB0,MKS1,F448S,0.72
Q9NXB0,MKS1,F448R,0.659
Q9NXB0,MKS1,F448Q,0.672
Q9NXB0,MKS1,F448N,0.645
Q9NXB0,MKS1,F448M,0.74
Q9NXB0,MKS1,F448L,0.779
Q9NXB0,MKS1,F448C,0.704
Q9NXB0,MKS1,F448D,0.663
Q9NXB0,MKS1,F448E,0.595
Q9NXB0,MKS1,F448A,0.702
Q9NXB0,MKS1,F448H,0.728
Q9NXB0,MKS1,F448I,0.761
Q9NXB0,MKS1,F448K,0.641
Q9NXB0,MKS1,F448G,0.614
Q9NXB0,MKS1,F449P,0.568
Q9NXB0,MKS1,F449Y,0.854
Q9NXB0,MKS1,F449W,0.71
Q9NXB0,MKS1,F449V,0.703
Q9NXB0,MKS1,F449T,0.666
Q9NXB0,MKS1,F449S,0.676
Q9NXB0,MKS1,F449R,0.618
Q9NXB0,MKS1,F449Q,0.634
Q9NXB0,MKS1,F449N,0.599
Q9NXB0,MKS1,F449M,0.71
Q9NXB0,MKS1,F449L,0.755
Q9NXB0,MKS1,F449C,0.67
Q9NXB0,MKS1,F449D,0.624
Q9NXB0,MKS1,F449E,0.557
Q9NXB0,MKS1,F449A,0.662
Q9NXB0,MKS1,F449H,0.688
Q9NXB0,MKS1,F449I,0.734
Q9NXB0,MKS1,F449K,0.601
Q9NXB0,MKS1,F449G,0.576
Q9NXB0,MKS1,I450N,0.64
Q9NXB0,MKS1,I450W,0.588
Q9NXB0,MKS1,I450V,0.884
Q9NXB0,MKS1,I450T,0.73
Q9NXB0,MKS1,I450S,0.653
Q9NXB0,MKS1,I450R,0.61
Q9NXB0,MKS1,I450Q,0.589
Q9NXB0,MKS1,I450P,0.593
Q9NXB0,MKS1,I450M,0.802
Q9NXB0,MKS1,I450Y,0.686
Q9NXB0,MKS1,I450K,0.61
Q9NXB0,MKS1,I450A,0.688
Q9NXB0,MKS1,I450C,0.674
Q9NXB0,MKS1,I450D,0.576
Q9NXB0,MKS1,I450L,0.823
Q9NXB0,MKS1,I450F,0.737
Q9NXB0,MKS1,I450G,0.555
Q9NXB0,MKS1,I450H,0.592
Q9NXB0,MKS1,I450E,0.592
Q9NXB0,MKS1,G451P,0.426
Q9NXB0,MKS1,G451Y,0.382
Q9NXB0,MKS1,G451W,0.482
Q9NXB0,MKS1,G451V,0.53
Q9NXB0,MKS1,G451T,0.498
Q9NXB0,MKS1,G451S,0.607
Q9NXB0,MKS1,G451R,0.51
Q9NXB0,MKS1,G451Q,0.466
Q9NXB0,MKS1,G451N,0.538
Q9NXB0,MKS1,G451M,0.472
Q9NXB0,MKS1,G451L,0.434
Q9NXB0,MKS1,G451C,0.558
Q9NXB0,MKS1,G451D,0.513
Q9NXB0,MKS1,G451E,0.512
Q9NXB0,MKS1,G451A,0.662
Q9NXB0,MKS1,G451H,0.448
Q9NXB0,MKS1,G451I,0.459
Q9NXB0,MKS1,G451K,0.442
Q9NXB0,MKS1,G451F,0.448
Q9NXB0,MKS1,G452N,0.756
Q9NXB0,MKS1,G452W,0.675
Q9NXB0,MKS1,G452V,0.714
Q9NXB0,MKS1,G452T,0.688
Q9NXB0,MKS1,G452S,0.806
Q9NXB0,MKS1,G452R,0.726
Q9NXB0,MKS1,G452Q,0.669
Q9NXB0,MKS1,G452P,0.626
Q9NXB0,MKS1,G452M,0.626
Q9NXB0,MKS1,G452Y,0.608
Q9NXB0,MKS1,G452K,0.666
Q9NXB0,MKS1,G452A,0.8
Q9NXB0,MKS1,G452C,0.718
Q9NXB0,MKS1,G452D,0.738
Q9NXB0,MKS1,G452L,0.597
Q9NXB0,MKS1,G452F,0.649
Q9NXB0,MKS1,G452H,0.655
Q9NXB0,MKS1,G452I,0.626
Q9NXB0,MKS1,G452E,0.722
Q9NXB0,MKS1,S453M,0.816
Q9NXB0,MKS1,S453W,0.729
Q9NXB0,MKS1,S453V,0.782
Q9NXB0,MKS1,S453T,0.888
Q9NXB0,MKS1,S453R,0.78
Q9NXB0,MKS1,S453Q,0.766
Q9NXB0,MKS1,S453P,0.808
Q9NXB0,MKS1,S453N,0.9
Q9NXB0,MKS1,S453L,0.818
Q9NXB0,MKS1,S453Y,0.799
Q9NXB0,MKS1,S453I,0.802
Q9NXB0,MKS1,S453A,0.884
Q9NXB0,MKS1,S453C,0.838
Q9NXB0,MKS1,S453D,0.765
Q9NXB0,MKS1,S453K,0.766
Q9NXB0,MKS1,S453F,0.833
Q9NXB0,MKS1,S453G,0.845
Q9NXB0,MKS1,S453H,0.77
Q9NXB0,MKS1,S453E,0.732
Q9NXB0,MKS1,L454N,0.786
Q9NXB0,MKS1,L454W,0.838
Q9NXB0,MKS1,L454V,0.974
Q9NXB0,MKS1,L454T,0.878
Q9NXB0,MKS1,L454S,0.857
Q9NXB0,MKS1,L454R,0.857
Q9NXB0,MKS1,L454Q,0.876
Q9NXB0,MKS1,L454P,0.858
Q9NXB0,MKS1,L454Y,0.863
Q9NXB0,MKS1,L454M,1.024
Q9NXB0,MKS1,L454I,1.003
Q9NXB0,MKS1,L454H,0.844
Q9NXB0,MKS1,L454G,0.726
Q9NXB0,MKS1,L454F,0.943
Q9NXB0,MKS1,L454E,0.784
Q9NXB0,MKS1,L454D,0.735
Q9NXB0,MKS1,L454C,0.832
Q9NXB0,MKS1,L454A,0.865
Q9NXB0,MKS1,L454K,0.824
Q9NXB0,MKS1,E455Q,0.897
Q9NXB0,MKS1,E455R,0.776
Q9NXB0,MKS1,E455S,0.77
Q9NXB0,MKS1,E455P,0.736
Q9NXB0,MKS1,E455V,0.78
Q9NXB0,MKS1,E455W,0.668
Q9NXB0,MKS1,E455Y,0.713
Q9NXB0,MKS1,E455T,0.758
Q9NXB0,MKS1,E455N,0.786
Q9NXB0,MKS1,E455M,0.748
Q9NXB0,MKS1,E455L,0.73
Q9NXB0,MKS1,E455C,0.653
Q9NXB0,MKS1,E455D,0.906
Q9NXB0,MKS1,E455F,0.694
Q9NXB0,MKS1,E455A,0.796
Q9NXB0,MKS1,E455H,0.788
Q9NXB0,MKS1,E455I,0.742
Q9NXB0,MKS1,E455K,0.847
Q9NXB0,MKS1,E455G,0.753
Q9NXB0,MKS1,L456P,0.615
Q9NXB0,MKS1,L456Y,0.629
Q9NXB0,MKS1,L456W,0.601
Q9NXB0,MKS1,L456V,0.751
Q9NXB0,MKS1,L456T,0.63
Q9NXB0,MKS1,L456S,0.606
Q9NXB0,MKS1,L456R,0.598
Q9NXB0,MKS1,L456Q,0.623
Q9NXB0,MKS1,L456N,0.53
Q9NXB0,MKS1,L456M,0.801
Q9NXB0,MKS1,L456K,0.562
Q9NXB0,MKS1,L456C,0.604
Q9NXB0,MKS1,L456D,0.492
Q9NXB0,MKS1,L456E,0.538
Q9NXB0,MKS1,L456A,0.627
Q9NXB0,MKS1,L456G,0.489
Q9NXB0,MKS1,L456H,0.595
Q9NXB0,MKS1,L456I,0.782
Q9NXB0,MKS1,L456F,0.726
Q9NXB0,MKS1,E457P,0.854
Q9NXB0,MKS1,E457Y,0.81
Q9NXB0,MKS1,E457W,0.765
Q9NXB0,MKS1,E457V,0.864
Q9NXB0,MKS1,E457T,0.87
Q9NXB0,MKS1,E457S,0.89
Q9NXB0,MKS1,E457R,0.899
Q9NXB0,MKS1,E457Q,1.02
Q9NXB0,MKS1,E457N,0.908
Q9NXB0,MKS1,E457M,0.834
Q9NXB0,MKS1,E457L,0.794
Q9NXB0,MKS1,E457C,0.744
Q9NXB0,MKS1,E457D,1.03
Q9NXB0,MKS1,E457F,0.77
Q9NXB0,MKS1,E457A,0.901
Q9NXB0,MKS1,E457H,0.902
Q9NXB0,MKS1,E457I,0.816
Q9NXB0,MKS1,E457K,0.976
Q9NXB0,MKS1,E457G,0.863
Q9NXB0,MKS1,D458P,0.69
Q9NXB0,MKS1,D458Y,0.752
Q9NXB0,MKS1,D458W,0.637
Q9NXB0,MKS1,D458V,0.726
Q9NXB0,MKS1,D458T,0.748
Q9NXB0,MKS1,D458S,0.788
Q9NXB0,MKS1,D458R,0.686
Q9NXB0,MKS1,D458Q,0.769
Q9NXB0,MKS1,D458N,0.858
Q9NXB0,MKS1,D458M,0.71
Q9NXB0,MKS1,D458L,0.686
Q9NXB0,MKS1,D458C,0.694
Q9NXB0,MKS1,D458E,0.894
Q9NXB0,MKS1,D458F,0.737
Q9NXB0,MKS1,D458A,0.747
Q9NXB0,MKS1,D458H,0.772
Q9NXB0,MKS1,D458I,0.718
Q9NXB0,MKS1,D458K,0.728
Q9NXB0,MKS1,D458G,0.79
Q9NXB0,MKS1,L459P,0.864
Q9NXB0,MKS1,L459Y,0.875
Q9NXB0,MKS1,L459W,0.847
Q9NXB0,MKS1,L459V,0.99
Q9NXB0,MKS1,L459T,0.881
Q9NXB0,MKS1,L459S,0.86
Q9NXB0,MKS1,L459R,0.856
Q9NXB0,MKS1,L459Q,0.876
Q9NXB0,MKS1,L459N,0.786
Q9NXB0,MKS1,L459M,1.042
Q9NXB0,MKS1,L459K,0.823
Q9NXB0,MKS1,L459C,0.844
Q9NXB0,MKS1,L459D,0.736
Q9NXB0,MKS1,L459E,0.786
Q9NXB0,MKS1,L459A,0.874
Q9NXB0,MKS1,L459G,0.728
Q9NXB0,MKS1,L459H,0.848
Q9NXB0,MKS1,L459I,1.02
Q9NXB0,MKS1,L459F,0.962
Q9NXB0,MKS1,S460N,0.745
Q9NXB0,MKS1,S460Y,0.675
Q9NXB0,MKS1,S460W,0.611
Q9NXB0,MKS1,S460V,0.666
Q9NXB0,MKS1,S460T,0.802
Q9NXB0,MKS1,S460R,0.653
Q9NXB0,MKS1,S460Q,0.646
Q9NXB0,MKS1,S460P,0.642
Q9NXB0,MKS1,S460M,0.724
Q9NXB0,MKS1,S460L,0.7
Q9NXB0,MKS1,S460K,0.617
Q9NXB0,MKS1,S460C,0.794
Q9NXB0,MKS1,S460D,0.638
Q9NXB0,MKS1,S460E,0.599
Q9NXB0,MKS1,S460A,0.822
Q9NXB0,MKS1,S460G,0.744
Q9NXB0,MKS1,S460H,0.657
Q9NXB0,MKS1,S460I,0.681
Q9NXB0,MKS1,S460F,0.69
Q9NXB0,MKS1,Y461N,0.665
Q9NXB0,MKS1,Y461W,0.767
Q9NXB0,MKS1,Y461V,0.716
Q9NXB0,MKS1,Y461T,0.67
Q9NXB0,MKS1,Y461S,0.678
Q9NXB0,MKS1,Y461R,0.626
Q9NXB0,MKS1,Y461Q,0.706
Q9NXB0,MKS1,Y461P,0.634
Q9NXB0,MKS1,Y461M,0.737
Q9NXB0,MKS1,Y461L,0.758
Q9NXB0,MKS1,Y461K,0.614
Q9NXB0,MKS1,Y461C,0.741
Q9NXB0,MKS1,Y461D,0.63
Q9NXB0,MKS1,Y461E,0.637
Q9NXB0,MKS1,Y461A,0.673
Q9NXB0,MKS1,Y461G,0.588
Q9NXB0,MKS1,Y461H,0.844
Q9NXB0,MKS1,Y461I,0.726
Q9NXB0,MKS1,Y461F,0.93
Q9NXB0,MKS1,V462N,0.485
Q9NXB0,MKS1,V462Y,0.592
Q9NXB0,MKS1,V462W,0.534
Q9NXB0,MKS1,V462T,0.673
Q9NXB0,MKS1,V462S,0.547
Q9NXB0,MKS1,V462R,0.468
Q9NXB0,MKS1,V462Q,0.537
Q9NXB0,MKS1,V462P,0.509
Q9NXB0,MKS1,V462M,0.817
Q9NXB0,MKS1,V462L,0.818
Q9NXB0,MKS1,V462K,0.491
Q9NXB0,MKS1,V462C,0.701
Q9NXB0,MKS1,V462D,0.464
Q9NXB0,MKS1,V462E,0.522
Q9NXB0,MKS1,V462A,0.726
Q9NXB0,MKS1,V462G,0.542
Q9NXB0,MKS1,V462H,0.496
Q9NXB0,MKS1,V462I,0.9
Q9NXB0,MKS1,V462F,0.704
Q9NXB0,MKS1,R463M,0.901
Q9NXB0,MKS1,R463W,0.865
Q9NXB0,MKS1,R463V,0.826
Q9NXB0,MKS1,R463T,0.878
Q9NXB0,MKS1,R463S,0.87
Q9NXB0,MKS1,R463Q,0.966
Q9NXB0,MKS1,R463P,0.824
Q9NXB0,MKS1,R463N,0.898
Q9NXB0,MKS1,R463L,0.887
Q9NXB0,MKS1,R463Y,0.839
Q9NXB0,MKS1,R463I,0.846
Q9NXB0,MKS1,R463A,0.84
Q9NXB0,MKS1,R463C,0.876
Q9NXB0,MKS1,R463D,0.758
Q9NXB0,MKS1,R463K,0.995
Q9NXB0,MKS1,R463F,0.78
Q9NXB0,MKS1,R463G,0.852
Q9NXB0,MKS1,R463H,0.944
Q9NXB0,MKS1,R463E,0.861
Q9NXB0,MKS1,I464P,0.797
Q9NXB0,MKS1,I464Y,0.905
Q9NXB0,MKS1,I464W,0.819
Q9NXB0,MKS1,I464V,1.102
Q9NXB0,MKS1,I464T,0.933
Q9NXB0,MKS1,I464S,0.852
Q9NXB0,MKS1,I464R,0.822
Q9NXB0,MKS1,I464Q,0.8
Q9NXB0,MKS1,I464N,0.839
Q9NXB0,MKS1,I464M,1.023
Q9NXB0,MKS1,I464L,1.049
Q9NXB0,MKS1,I464C,0.887
Q9NXB0,MKS1,I464D,0.776
Q9NXB0,MKS1,I464E,0.795
Q9NXB0,MKS1,I464A,0.894
Q9NXB0,MKS1,I464G,0.761
Q9NXB0,MKS1,I464H,0.81
Q9NXB0,MKS1,I464K,0.812
Q9NXB0,MKS1,I464F,0.966
Q9NXB0,MKS1,P465N,0.587
Q9NXB0,MKS1,P465Y,0.651
Q9NXB0,MKS1,P465W,0.481
Q9NXB0,MKS1,P465V,0.752
Q9NXB0,MKS1,P465T,0.744
Q9NXB0,MKS1,P465S,0.732
Q9NXB0,MKS1,P465R,0.617
Q9NXB0,MKS1,P465Q,0.708
Q9NXB0,MKS1,P465M,0.764
Q9NXB0,MKS1,P465L,0.728
Q9NXB0,MKS1,P465K,0.619
Q9NXB0,MKS1,P465C,0.72
Q9NXB0,MKS1,P465D,0.608
Q9NXB0,MKS1,P465E,0.638
Q9NXB0,MKS1,P465A,0.782
Q9NXB0,MKS1,P465G,0.625
Q9NXB0,MKS1,P465H,0.7
Q9NXB0,MKS1,P465I,0.676
Q9NXB0,MKS1,P465F,0.677
Q9NXB0,MKS1,G466P,0.742
Q9NXB0,MKS1,G466Y,0.726
Q9NXB0,MKS1,G466W,0.788
Q9NXB0,MKS1,G466V,0.805
Q9NXB0,MKS1,G466T,0.794
Q9NXB0,MKS1,G466S,0.904
Q9NXB0,MKS1,G466R,0.837
Q9NXB0,MKS1,G466Q,0.786
Q9NXB0,MKS1,G466N,0.866
Q9NXB0,MKS1,G466M,0.746
Q9NXB0,MKS1,G466L,0.7
Q9NXB0,MKS1,G466C,0.828
Q9NXB0,MKS1,G466D,0.846
Q9NXB0,MKS1,G466E,0.83
Q9NXB0,MKS1,G466A,0.908
Q9NXB0,MKS1,G466H,0.772
Q9NXB0,MKS1,G466I,0.74
Q9NXB0,MKS1,G466K,0.782
Q9NXB0,MKS1,G466F,0.75
Q9NXB0,MKS1,S467M,0.84
Q9NXB0,MKS1,S467W,0.739
Q9NXB0,MKS1,S467V,0.802
Q9NXB0,MKS1,S467T,0.94
Q9NXB0,MKS1,S467R,0.834
Q9NXB0,MKS1,S467Q,0.834
Q9NXB0,MKS1,S467P,0.863
Q9NXB0,MKS1,S467N,0.959
Q9NXB0,MKS1,S467L,0.827
Q9NXB0,MKS1,S467Y,0.825
Q9NXB0,MKS1,S467I,0.816
Q9NXB0,MKS1,S467A,0.933
Q9NXB0,MKS1,S467C,0.869
Q9NXB0,MKS1,S467D,0.833
Q9NXB0,MKS1,S467K,0.842
Q9NXB0,MKS1,S467F,0.846
Q9NXB0,MKS1,S467G,0.899
Q9NXB0,MKS1,S467H,0.816
Q9NXB0,MKS1,S467E,0.803
Q9NXB0,MKS1,F468P,0.572
Q9NXB0,MKS1,F468Y,0.884
Q9NXB0,MKS1,F468W,0.756
Q9NXB0,MKS1,F468V,0.75
Q9NXB0,MKS1,F468T,0.684
Q9NXB0,MKS1,F468S,0.688
Q9NXB0,MKS1,F468R,0.615
Q9NXB0,MKS1,F468Q,0.63
Q9NXB0,MKS1,F468N,0.608
Q9NXB0,MKS1,F468M,0.756
Q9NXB0,MKS1,F468L,0.814
Q9NXB0,MKS1,F468C,0.716
Q9NXB0,MKS1,F468D,0.616
Q9NXB0,MKS1,F468E,0.547
Q9NXB0,MKS1,F468A,0.688
Q9NXB0,MKS1,F468H,0.704
Q9NXB0,MKS1,F468I,0.788
Q9NXB0,MKS1,F468K,0.59
Q9NXB0,MKS1,F468G,0.587
Q9NXB0,MKS1,K469N,1.036
Q9NXB0,MKS1,K469W,0.902
Q9NXB0,MKS1,K469V,0.944
Q9NXB0,MKS1,K469T,0.999
Q9NXB0,MKS1,K469S,0.978
Q9NXB0,MKS1,K469R,1.104
Q9NXB0,MKS1,K469Q,1.062
Q9NXB0,MKS1,K469P,0.916
Q9NXB0,MKS1,K469M,1.006
Q9NXB0,MKS1,K469Y,0.901
Q9NXB0,MKS1,K469I,0.934
Q9NXB0,MKS1,K469A,0.957
Q9NXB0,MKS1,K469C,0.87
Q9NXB0,MKS1,K469D,0.929
Q9NXB0,MKS1,K469L,0.936
Q9NXB0,MKS1,K469F,0.869
Q9NXB0,MKS1,K469G,0.902
Q9NXB0,MKS1,K469H,0.982
Q9NXB0,MKS1,K469E,1.051
Q9NXB0,MKS1,G470N,0.883
Q9NXB0,MKS1,G470W,0.802
Q9NXB0,MKS1,G470V,0.818
Q9NXB0,MKS1,G470T,0.81
Q9NXB0,MKS1,G470S,0.908
Q9NXB0,MKS1,G470R,0.838
Q9NXB0,MKS1,G470Q,0.796
Q9NXB0,MKS1,G470P,0.752
Q9NXB0,MKS1,G470M,0.751
Q9NXB0,MKS1,G470Y,0.736
Q9NXB0,MKS1,G470K,0.79
Q9NXB0,MKS1,G470A,0.899
Q9NXB0,MKS1,G470C,0.818
Q9NXB0,MKS1,G470D,0.861
Q9NXB0,MKS1,G470L,0.724
Q9NXB0,MKS1,G470F,0.776
Q9NXB0,MKS1,G470H,0.783
Q9NXB0,MKS1,G470I,0.756
Q9NXB0,MKS1,G470E,0.833
Q9NXB0,MKS1,E471N,1.042
Q9NXB0,MKS1,E471W,0.906
Q9NXB0,MKS1,E471V,1.022
Q9NXB0,MKS1,E471T,1.016
Q9NXB0,MKS1,E471S,1.012
Q9NXB0,MKS1,E471R,1.038
Q9NXB0,MKS1,E471Q,1.15
Q9NXB0,MKS1,E471P,0.981
Q9NXB0,MKS1,E471Y,0.964
Q9NXB0,MKS1,E471M,0.994
Q9NXB0,MKS1,E471K,1.112
Q9NXB0,MKS1,E471I,0.974
Q9NXB0,MKS1,E471H,1.036
Q9NXB0,MKS1,E471G,1.022
Q9NXB0,MKS1,E471F,0.913
Q9NXB0,MKS1,E471D,1.158
Q9NXB0,MKS1,E471C,0.886
Q9NXB0,MKS1,E471A,1.052
Q9NXB0,MKS1,E471L,0.946
Q9NXB0,MKS1,R472N,1.007
Q9NXB0,MKS1,R472P,0.936
Q9NXB0,MKS1,R472Q,1.066
Q9NXB0,MKS1,R472M,0.978
Q9NXB0,MKS1,R472T,0.98
Q9NXB0,MKS1,R472V,0.907
Q9NXB0,MKS1,R472W,0.954
Q9NXB0,MKS1,R472S,0.979
Q9NXB0,MKS1,R472L,0.948
Q9NXB0,MKS1,R472Y,0.938
Q9NXB0,MKS1,R472I,0.916
Q9NXB0,MKS1,R472A,0.922
Q9NXB0,MKS1,R472C,0.961
Q9NXB0,MKS1,R472D,0.871
Q9NXB0,MKS1,R472K,1.096
Q9NXB0,MKS1,R472F,0.845
Q9NXB0,MKS1,R472G,0.959
Q9NXB0,MKS1,R472H,1.044
Q9NXB0,MKS1,R472E,0.958
Q9NXB0,MKS1,L473Y,0.758
Q9NXB0,MKS1,L473W,0.748
Q9NXB0,MKS1,L473V,0.874
Q9NXB0,MKS1,L473T,0.744
Q9NXB0,MKS1,L473S,0.718
Q9NXB0,MKS1,L473R,0.714
Q9NXB0,MKS1,L473Q,0.74
Q9NXB0,MKS1,L473N,0.643
Q9NXB0,MKS1,L473M,0.927
Q9NXB0,MKS1,L473P,0.726
Q9NXB0,MKS1,L473I,0.912
Q9NXB0,MKS1,L473K,0.668
Q9NXB0,MKS1,L473C,0.723
Q9NXB0,MKS1,L473D,0.607
Q9NXB0,MKS1,L473E,0.655
Q9NXB0,MKS1,L473A,0.741
Q9NXB0,MKS1,L473G,0.598
Q9NXB0,MKS1,L473H,0.715
Q9NXB0,MKS1,L473F,0.859
Q9NXB0,MKS1,S474M,0.887
Q9NXB0,MKS1,S474Y,0.862
Q9NXB0,MKS1,S474W,0.797
Q9NXB0,MKS1,S474V,0.856
Q9NXB0,MKS1,S474T,0.99
Q9NXB0,MKS1,S474R,0.89
Q9NXB0,MKS1,S474Q,0.906
Q9NXB0,MKS1,S474P,0.916
Q9NXB0,MKS1,S474L,0.87
Q9NXB0,MKS1,S474N,1.01
Q9NXB0,MKS1,S474I,0.861
Q9NXB0,MKS1,S474C,0.909
Q9NXB0,MKS1,S474D,0.904
Q9NXB0,MKS1,S474E,0.884
Q9NXB0,MKS1,S474A,0.985
Q9NXB0,MKS1,S474G,0.948
Q9NXB0,MKS1,S474H,0.873
Q9NXB0,MKS1,S474F,0.889
Q9NXB0,MKS1,S474K,0.912
Q9NXB0,MKS1,R475Y,0.837
Q9NXB0,MKS1,R475M,0.895
Q9NXB0,MKS1,R475W,0.862
Q9NXB0,MKS1,R475V,0.822
Q9NXB0,MKS1,R475T,0.863
Q9NXB0,MKS1,R475S,0.856
Q9NXB0,MKS1,R475Q,0.954
Q9NXB0,MKS1,R475P,0.814
Q9NXB0,MKS1,R475N,0.885
Q9NXB0,MKS1,R475L,0.884
Q9NXB0,MKS1,R475I,0.842
Q9NXB0,MKS1,R475H,0.932
Q9NXB0,MKS1,R475G,0.838
Q9NXB0,MKS1,R475F,0.78
Q9NXB0,MKS1,R475E,0.852
Q9NXB0,MKS1,R475D,0.75
Q9NXB0,MKS1,R475C,0.863
Q9NXB0,MKS1,R475A,0.826
Q9NXB0,MKS1,R475K,0.984
Q9NXB0,MKS1,F476P,0.783
Q9NXB0,MKS1,F476Q,0.856
Q9NXB0,MKS1,F476R,0.849
Q9NXB0,MKS1,F476N,0.832
Q9NXB0,MKS1,F476T,0.882
Q9NXB0,MKS1,F476V,0.918
Q9NXB0,MKS1,F476W,0.936
Q9NXB0,MKS1,F476S,0.896
Q9NXB0,MKS1,F476M,0.926
Q9NXB0,MKS1,F476Y,1.066
Q9NXB0,MKS1,F476K,0.821
Q9NXB0,MKS1,F476A,0.875
Q9NXB0,MKS1,F476C,0.897
Q9NXB0,MKS1,F476D,0.842
Q9NXB0,MKS1,F476L,0.966
Q9NXB0,MKS1,F476G,0.789
Q9NXB0,MKS1,F476H,0.914
Q9NXB0,MKS1,F476I,0.95
Q9NXB0,MKS1,F476E,0.778
Q9NXB0,MKS1,G477P,0.808
Q9NXB0,MKS1,G477Y,0.778
Q9NXB0,MKS1,G477W,0.831
Q9NXB0,MKS1,G477V,0.823
Q9NXB0,MKS1,G477T,0.837
Q9NXB0,MKS1,G477S,0.952
Q9NXB0,MKS1,G477R,0.868
Q9NXB0,MKS1,G477Q,0.836
Q9NXB0,MKS1,G477N,0.936
Q9NXB0,MKS1,G477D,0.906
Q9NXB0,MKS1,G477L,0.726
Q9NXB0,MKS1,G477C,0.822
Q9NXB0,MKS1,G477M,0.748
Q9NXB0,MKS1,G477E,0.868
Q9NXB0,MKS1,G477A,0.93
Q9NXB0,MKS1,G477H,0.83
Q9NXB0,MKS1,G477I,0.754
Q9NXB0,MKS1,G477K,0.836
Q9NXB0,MKS1,G477F,0.794
Q9NXB0,MKS1,L478N,0.758
Q9NXB0,MKS1,L478W,0.831
Q9NXB0,MKS1,L478V,0.966
Q9NXB0,MKS1,L478T,0.852
Q9NXB0,MKS1,L478S,0.829
Q9NXB0,MKS1,L478R,0.828
Q9NXB0,MKS1,L478Q,0.852
Q9NXB0,MKS1,L478P,0.834
Q9NXB0,MKS1,L478M,1.019
Q9NXB0,MKS1,L478Y,0.86
Q9NXB0,MKS1,L478I,1.004
Q9NXB0,MKS1,L478A,0.842
Q9NXB0,MKS1,L478C,0.82
Q9NXB0,MKS1,L478D,0.725
Q9NXB0,MKS1,L478K,0.784
Q9NXB0,MKS1,L478F,0.949
Q9NXB0,MKS1,L478G,0.706
Q9NXB0,MKS1,L478H,0.824
Q9NXB0,MKS1,L478E,0.772
Q9NXB0,MKS1,R479N,0.953
Q9NXB0,MKS1,R479W,0.884
Q9NXB0,MKS1,R479V,0.848
Q9NXB0,MKS1,R479T,0.926
Q9NXB0,MKS1,R479S,0.922
Q9NXB0,MKS1,R479Q,1.02
Q9NXB0,MKS1,R479P,0.876
Q9NXB0,MKS1,R479M,0.93
Q9NXB0,MKS1,R479Y,0.874
Q9NXB0,MKS1,R479L,0.9
Q9NXB0,MKS1,R479A,0.883
Q9NXB0,MKS1,R479C,0.902
Q9NXB0,MKS1,R479D,0.821
Q9NXB0,MKS1,R479E,0.922
Q9NXB0,MKS1,R479K,1.056
Q9NXB0,MKS1,R479G,0.901
Q9NXB0,MKS1,R479H,0.992
Q9NXB0,MKS1,R479I,0.854
Q9NXB0,MKS1,R479F,0.8
Q9NXB0,MKS1,T480M,0.812
Q9NXB0,MKS1,T480W,0.63
Q9NXB0,MKS1,T480V,0.814
Q9NXB0,MKS1,T480S,0.833
Q9NXB0,MKS1,T480R,0.738
Q9NXB0,MKS1,T480Q,0.724
Q9NXB0,MKS1,T480P,0.762
Q9NXB0,MKS1,T480N,0.8
Q9NXB0,MKS1,T480Y,0.681
Q9NXB0,MKS1,T480K,0.738
Q9NXB0,MKS1,T480I,0.8
Q9NXB0,MKS1,T480H,0.708
Q9NXB0,MKS1,T480G,0.699
Q9NXB0,MKS1,T480F,0.698
Q9NXB0,MKS1,T480E,0.712
Q9NXB0,MKS1,T480D,0.69
Q9NXB0,MKS1,T480C,0.72
Q9NXB0,MKS1,T480A,0.82
Q9NXB0,MKS1,T480L,0.748
Q9NXB0,MKS1,E481P,0.742
Q9NXB0,MKS1,E481Q,0.898
Q9NXB0,MKS1,E481R,0.771
Q9NXB0,MKS1,E481N,0.788
Q9NXB0,MKS1,E481T,0.761
Q9NXB0,MKS1,E481V,0.783
Q9NXB0,MKS1,E481W,0.66
Q9NXB0,MKS1,E481S,0.774
Q9NXB0,MKS1,E481Y,0.706
Q9NXB0,MKS1,E481M,0.747
Q9NXB0,MKS1,E481K,0.844
Q9NXB0,MKS1,E481A,0.798
Q9NXB0,MKS1,E481C,0.642
Q9NXB0,MKS1,E481D,0.91
Q9NXB0,MKS1,E481L,0.724
Q9NXB0,MKS1,E481G,0.758
Q9NXB0,MKS1,E481H,0.787
Q9NXB0,MKS1,E481I,0.734
Q9NXB0,MKS1,E481F,0.686
Q9NXB0,MKS1,T482N,0.804
Q9NXB0,MKS1,T482Y,0.66
Q9NXB0,MKS1,T482W,0.622
Q9NXB0,MKS1,T482V,0.774
Q9NXB0,MKS1,T482S,0.833
Q9NXB0,MKS1,T482R,0.742
Q9NXB0,MKS1,T482Q,0.726
Q9NXB0,MKS1,T482P,0.754
Q9NXB0,MKS1,T482M,0.778
Q9NXB0,MKS1,T482L,0.696
Q9NXB0,MKS1,T482K,0.748
Q9NXB0,MKS1,T482C,0.688
Q9NXB0,MKS1,T482D,0.699
Q9NXB0,MKS1,T482E,0.719
Q9NXB0,MKS1,T482A,0.808
Q9NXB0,MKS1,T482G,0.689
Q9NXB0,MKS1,T482H,0.7
Q9NXB0,MKS1,T482I,0.758
Q9NXB0,MKS1,T482F,0.65
Q9NXB0,MKS1,T483N,0.623
Q9NXB0,MKS1,T483Y,0.577
Q9NXB0,MKS1,T483W,0.464
Q9NXB0,MKS1,T483V,0.717
Q9NXB0,MKS1,T483S,0.699
Q9NXB0,MKS1,T483R,0.55
Q9NXB0,MKS1,T483Q,0.554
Q9NXB0,MKS1,T483P,0.538
Q9NXB0,MKS1,T483M,0.705
Q9NXB0,MKS1,T483L,0.677
Q9NXB0,MKS1,T483K,0.562
Q9NXB0,MKS1,T483C,0.678
Q9NXB0,MKS1,T483D,0.514
Q9NXB0,MKS1,T483E,0.5
Q9NXB0,MKS1,T483A,0.709
Q9NXB0,MKS1,T483G,0.532
Q9NXB0,MKS1,T483H,0.506
Q9NXB0,MKS1,T483I,0.705
Q9NXB0,MKS1,T483F,0.606
Q9NXB0,MKS1,G484P,0.444
Q9NXB0,MKS1,G484Y,0.376
Q9NXB0,MKS1,G484W,0.468
Q9NXB0,MKS1,G484V,0.541
Q9NXB0,MKS1,G484T,0.518
Q9NXB0,MKS1,G484S,0.654
Q9NXB0,MKS1,G484R,0.494
Q9NXB0,MKS1,G484Q,0.452
Q9NXB0,MKS1,G484N,0.569
Q9NXB0,MKS1,G484M,0.524
Q9NXB0,MKS1,G484L,0.445
Q9NXB0,MKS1,G484C,0.582
Q9NXB0,MKS1,G484D,0.51
Q9NXB0,MKS1,G484E,0.494
Q9NXB0,MKS1,G484A,0.714
Q9NXB0,MKS1,G484H,0.42
Q9NXB0,MKS1,G484I,0.466
Q9NXB0,MKS1,G484K,0.446
Q9NXB0,MKS1,G484F,0.444
Q9NXB0,MKS1,T485M,0.834
Q9NXB0,MKS1,T485W,0.597
Q9NXB0,MKS1,T485V,0.848
Q9NXB0,MKS1,T485S,0.848
Q9NXB0,MKS1,T485R,0.694
Q9NXB0,MKS1,T485Q,0.7
Q9NXB0,MKS1,T485P,0.687
Q9NXB0,MKS1,T485N,0.772
Q9NXB0,MKS1,T485L,0.797
Q9NXB0,MKS1,T485Y,0.708
Q9NXB0,MKS1,T485I,0.829
Q9NXB0,MKS1,T485A,0.856
Q9NXB0,MKS1,T485C,0.816
Q9NXB0,MKS1,T485D,0.663
Q9NXB0,MKS1,T485K,0.716
Q9NXB0,MKS1,T485F,0.728
Q9NXB0,MKS1,T485G,0.68
Q9NXB0,MKS1,T485H,0.648
Q9NXB0,MKS1,T485E,0.65
Q9NXB0,MKS1,V486N,0.341
Q9NXB0,MKS1,V486Y,0.506
Q9NXB0,MKS1,V486W,0.418
Q9NXB0,MKS1,V486T,0.57
Q9NXB0,MKS1,V486S,0.431
Q9NXB0,MKS1,V486R,0.316
Q9NXB0,MKS1,V486Q,0.414
Q9NXB0,MKS1,V486P,0.395
Q9NXB0,MKS1,V486M,0.734
Q9NXB0,MKS1,V486L,0.755
Q9NXB0,MKS1,V486K,0.356
Q9NXB0,MKS1,V486C,0.623
Q9NXB0,MKS1,V486D,0.31
Q9NXB0,MKS1,V486E,0.378
Q9NXB0,MKS1,V486A,0.632
Q9NXB0,MKS1,V486G,0.408
Q9NXB0,MKS1,V486H,0.367
Q9NXB0,MKS1,V486I,0.828
Q9NXB0,MKS1,V486F,0.632
Q9NXB0,MKS1,T487M,0.721
Q9NXB0,MKS1,T487W,0.486
Q9NXB0,MKS1,T487V,0.738
Q9NXB0,MKS1,T487S,0.723
Q9NXB0,MKS1,T487R,0.569
Q9NXB0,MKS1,T487Q,0.576
Q9NXB0,MKS1,T487P,0.562
Q9NXB0,MKS1,T487N,0.646
Q9NXB0,MKS1,T487L,0.691
Q9NXB0,MKS1,T487Y,0.592
Q9NXB0,MKS1,T487I,0.722
Q9NXB0,MKS1,T487A,0.736
Q9NXB0,MKS1,T487C,0.7
Q9NXB0,MKS1,T487D,0.534
Q9NXB0,MKS1,T487K,0.586
Q9NXB0,MKS1,T487F,0.622
Q9NXB0,MKS1,T487G,0.556
Q9NXB0,MKS1,T487H,0.527
Q9NXB0,MKS1,T487E,0.524
Q9NXB0,MKS1,F488N,0.497
Q9NXB0,MKS1,F488W,0.734
Q9NXB0,MKS1,F488V,0.712
Q9NXB0,MKS1,F488T,0.56
Q9NXB0,MKS1,F488S,0.59
Q9NXB0,MKS1,F488R,0.462
Q9NXB0,MKS1,F488Q,0.449
Q9NXB0,MKS1,F488P,0.384
Q9NXB0,MKS1,F488M,0.726
Q9NXB0,MKS1,F488Y,0.826
Q9NXB0,MKS1,F488K,0.437
Q9NXB0,MKS1,F488A,0.576
Q9NXB0,MKS1,F488C,0.69
Q9NXB0,MKS1,F488D,0.411
Q9NXB0,MKS1,F488L,0.782
Q9NXB0,MKS1,F488G,0.484
Q9NXB0,MKS1,F488H,0.635
Q9NXB0,MKS1,F488I,0.748
Q9NXB0,MKS1,F488E,0.368
Q9NXB0,MKS1,R489M,0.82
Q9NXB0,MKS1,R489W,0.77
Q9NXB0,MKS1,R489V,0.737
Q9NXB0,MKS1,R489T,0.795
Q9NXB0,MKS1,R489S,0.787
Q9NXB0,MKS1,R489Q,0.88
Q9NXB0,MKS1,R489P,0.74
Q9NXB0,MKS1,R489N,0.816
Q9NXB0,MKS1,R489Y,0.755
Q9NXB0,MKS1,R489L,0.804
Q9NXB0,MKS1,R489I,0.75
Q9NXB0,MKS1,R489H,0.865
Q9NXB0,MKS1,R489G,0.768
Q9NXB0,MKS1,R489F,0.702
Q9NXB0,MKS1,R489E,0.779
Q9NXB0,MKS1,R489D,0.682
Q9NXB0,MKS1,R489C,0.788
Q9NXB0,MKS1,R489A,0.752
Q9NXB0,MKS1,R489K,0.917
Q9NXB0,MKS1,L490Q,0.55
Q9NXB0,MKS1,L490R,0.534
Q9NXB0,MKS1,L490Y,0.622
Q9NXB0,MKS1,L490P,0.473
Q9NXB0,MKS1,L490T,0.6
Q9NXB0,MKS1,L490V,0.793
Q9NXB0,MKS1,L490W,0.634
Q9NXB0,MKS1,L490S,0.542
Q9NXB0,MKS1,L490N,0.49
Q9NXB0,MKS1,L490F,0.769
Q9NXB0,MKS1,L490K,0.504
Q9NXB0,MKS1,L490A,0.617
Q9NXB0,MKS1,L490C,0.678
Q9NXB0,MKS1,L490D,0.376
Q9NXB0,MKS1,L490M,0.836
Q9NXB0,MKS1,L490G,0.446
Q9NXB0,MKS1,L490H,0.502
Q9NXB0,MKS1,L490I,0.835
Q9NXB0,MKS1,L490E,0.43
Q9NXB0,MKS1,H491P,0.862
Q9NXB0,MKS1,H491Y,1.006
Q9NXB0,MKS1,H491W,0.842
Q9NXB0,MKS1,H491V,0.794
Q9NXB0,MKS1,H491T,0.846
Q9NXB0,MKS1,H491S,0.878
Q9NXB0,MKS1,H491R,0.964
Q9NXB0,MKS1,H491Q,0.962
Q9NXB0,MKS1,H491N,0.986
Q9NXB0,MKS1,H491M,0.858
Q9NXB0,MKS1,H491L,0.844
Q9NXB0,MKS1,H491C,0.858
Q9NXB0,MKS1,H491D,0.908
Q9NXB0,MKS1,H491E,0.899
Q9NXB0,MKS1,H491A,0.827
Q9NXB0,MKS1,H491G,0.839
Q9NXB0,MKS1,H491I,0.8
Q9NXB0,MKS1,H491K,0.881
Q9NXB0,MKS1,H491F,0.89
Q9NXB0,MKS1,C492P,0.654
Q9NXB0,MKS1,C492Y,0.748
Q9NXB0,MKS1,C492W,0.74
Q9NXB0,MKS1,C492V,0.698
Q9NXB0,MKS1,C492T,0.686
Q9NXB0,MKS1,C492S,0.696
Q9NXB0,MKS1,C492R,0.658
Q9NXB0,MKS1,C492Q,0.604
Q9NXB0,MKS1,C492N,0.58
Q9NXB0,MKS1,C492M,0.615
Q9NXB0,MKS1,C492L,0.746
Q9NXB0,MKS1,C492D,0.483
Q9NXB0,MKS1,C492E,0.546
Q9NXB0,MKS1,C492F,0.769
Q9NXB0,MKS1,C492A,0.704
Q9NXB0,MKS1,C492H,0.644
Q9NXB0,MKS1,C492I,0.743
Q9NXB0,MKS1,C492K,0.593
Q9NXB0,MKS1,C492G,0.658
Q9NXB0,MKS1,L493P,0.885
Q9NXB0,MKS1,L493Y,0.894
Q9NXB0,MKS1,L493W,0.86
Q9NXB0,MKS1,L493V,1.002
Q9NXB0,MKS1,L493T,0.903
Q9NXB0,MKS1,L493S,0.883
Q9NXB0,MKS1,L493R,0.876
Q9NXB0,MKS1,L493Q,0.902
Q9NXB0,MKS1,L493N,0.81
Q9NXB0,MKS1,L493M,1.053
Q9NXB0,MKS1,L493K,0.844
Q9NXB0,MKS1,L493C,0.86
Q9NXB0,MKS1,L493D,0.773
Q9NXB0,MKS1,L493E,0.819
Q9NXB0,MKS1,L493A,0.894
Q9NXB0,MKS1,L493G,0.758
Q9NXB0,MKS1,L493H,0.868
Q9NXB0,MKS1,L493I,1.03
Q9NXB0,MKS1,L493F,0.971
Q9NXB0,MKS1,Q494N,0.854
Q9NXB0,MKS1,Q494Y,0.813
Q9NXB0,MKS1,Q494W,0.744
Q9NXB0,MKS1,Q494V,0.82
Q9NXB0,MKS1,Q494T,0.837
Q9NXB0,MKS1,Q494S,0.844
Q9NXB0,MKS1,Q494R,0.918
Q9NXB0,MKS1,Q494P,0.847
Q9NXB0,MKS1,Q494M,0.903
Q9NXB0,MKS1,Q494L,0.856
Q9NXB0,MKS1,Q494K,0.903
Q9NXB0,MKS1,Q494C,0.763
Q9NXB0,MKS1,Q494D,0.826
Q9NXB0,MKS1,Q494E,0.937
Q9NXB0,MKS1,Q494A,0.837
Q9NXB0,MKS1,Q494G,0.778
Q9NXB0,MKS1,Q494H,0.897
Q9NXB0,MKS1,Q494I,0.782
Q9NXB0,MKS1,Q494F,0.768
Q9NXB0,MKS1,Q495N,0.865
Q9NXB0,MKS1,Q495Y,0.807
Q9NXB0,MKS1,Q495W,0.741
Q9NXB0,MKS1,Q495V,0.806
Q9NXB0,MKS1,Q495T,0.841
Q9NXB0,MKS1,Q495S,0.853
Q9NXB0,MKS1,Q495R,0.924
Q9NXB0,MKS1,Q495P,0.852
Q9NXB0,MKS1,Q495M,0.889
Q9NXB0,MKS1,Q495L,0.836
Q9NXB0,MKS1,Q495K,0.912
Q9NXB0,MKS1,Q495C,0.752
Q9NXB0,MKS1,Q495D,0.844
Q9NXB0,MKS1,Q495E,0.954
Q9NXB0,MKS1,Q495A,0.835
Q9NXB0,MKS1,Q495G,0.782
Q9NXB0,MKS1,Q495H,0.901
Q9NXB0,MKS1,Q495I,0.765
Q9NXB0,MKS1,Q495F,0.75
Q9NXB0,MKS1,S496N,0.842
Q9NXB0,MKS1,S496Y,0.802
Q9NXB0,MKS1,S496W,0.761
Q9NXB0,MKS1,S496V,0.796
Q9NXB0,MKS1,S496T,0.901
Q9NXB0,MKS1,S496R,0.756
Q9NXB0,MKS1,S496Q,0.764
Q9NXB0,MKS1,S496P,0.756
Q9NXB0,MKS1,S496M,0.854
Q9NXB0,MKS1,S496L,0.835
Q9NXB0,MKS1,S496K,0.719
Q9NXB0,MKS1,S496C,0.903
Q9NXB0,MKS1,S496D,0.746
Q9NXB0,MKS1,S496E,0.718
Q9NXB0,MKS1,S496A,0.929
Q9NXB0,MKS1,S496G,0.842
Q9NXB0,MKS1,S496H,0.786
Q9NXB0,MKS1,S496I,0.825
Q9NXB0,MKS1,S496F,0.824
Q9NXB0,MKS1,R497N,0.94
Q9NXB0,MKS1,R497Y,0.872
Q9NXB0,MKS1,R497W,0.914
Q9NXB0,MKS1,R497V,0.871
Q9NXB0,MKS1,R497T,0.926
Q9NXB0,MKS1,R497S,0.919
Q9NXB0,MKS1,R497Q,1.012
Q9NXB0,MKS1,R497P,0.869
Q9NXB0,MKS1,R497M,0.944
Q9NXB0,MKS1,R497L,0.929
Q9NXB0,MKS1,R497K,1.041
Q9NXB0,MKS1,R497C,0.933
Q9NXB0,MKS1,R497D,0.778
Q9NXB0,MKS1,R497E,0.88
Q9NXB0,MKS1,R497A,0.865
Q9NXB0,MKS1,R497G,0.906
Q9NXB0,MKS1,R497H,0.99
Q9NXB0,MKS1,R497I,0.881
Q9NXB0,MKS1,R497F,0.805
Q9NXB0,MKS1,A498N,0.721
Q9NXB0,MKS1,A498W,0.636
Q9NXB0,MKS1,A498V,0.832
Q9NXB0,MKS1,A498T,0.844
Q9NXB0,MKS1,A498S,0.845
Q9NXB0,MKS1,A498R,0.701
Q9NXB0,MKS1,A498Q,0.728
Q9NXB0,MKS1,A498P,0.77
Q9NXB0,MKS1,A498M,0.776
Q9NXB0,MKS1,A498Y,0.704
Q9NXB0,MKS1,A498K,0.716
Q9NXB0,MKS1,A498C,0.789
Q9NXB0,MKS1,A498D,0.718
Q9NXB0,MKS1,A498E,0.758
Q9NXB0,MKS1,A498L,0.737
Q9NXB0,MKS1,A498G,0.81
Q9NXB0,MKS1,A498H,0.686
Q9NXB0,MKS1,A498I,0.762
Q9NXB0,MKS1,A498F,0.698
Q9NXB0,MKS1,F499P,0.706
Q9NXB0,MKS1,F499Y,1.0
Q9NXB0,MKS1,F499W,0.854
Q9NXB0,MKS1,F499V,0.853
Q9NXB0,MKS1,F499T,0.82
Q9NXB0,MKS1,F499S,0.832
Q9NXB0,MKS1,F499R,0.75
Q9NXB0,MKS1,F499Q,0.767
Q9NXB0,MKS1,F499N,0.752
Q9NXB0,MKS1,F499M,0.858
Q9NXB0,MKS1,F499L,0.902
Q9NXB0,MKS1,F499C,0.822
Q9NXB0,MKS1,F499D,0.76
Q9NXB0,MKS1,F499E,0.69
Q9NXB0,MKS1,F499A,0.815
Q9NXB0,MKS1,F499H,0.838
Q9NXB0,MKS1,F499I,0.88
Q9NXB0,MKS1,F499K,0.735
Q9NXB0,MKS1,F499G,0.718
Q9NXB0,MKS1,M500P,0.769
Q9NXB0,MKS1,M500Y,0.811
Q9NXB0,MKS1,M500W,0.826
Q9NXB0,MKS1,M500V,0.954
Q9NXB0,MKS1,M500T,0.91
Q9NXB0,MKS1,M500S,0.824
Q9NXB0,MKS1,M500R,0.85
Q9NXB0,MKS1,M500Q,0.867
Q9NXB0,MKS1,M500N,0.8
Q9NXB0,MKS1,M500L,0.963
Q9NXB0,MKS1,M500K,0.863
Q9NXB0,MKS1,M500C,0.806
Q9NXB0,MKS1,M500D,0.716
Q9NXB0,MKS1,M500E,0.794
Q9NXB0,MKS1,M500A,0.859
Q9NXB0,MKS1,M500G,0.74
Q9NXB0,MKS1,M500H,0.802
Q9NXB0,MKS1,M500I,0.951
Q9NXB0,MKS1,M500F,0.85
Q9NXB0,MKS1,E501P,0.804
Q9NXB0,MKS1,E501Y,0.8
Q9NXB0,MKS1,E501W,0.744
Q9NXB0,MKS1,E501V,0.852
Q9NXB0,MKS1,E501T,0.834
Q9NXB0,MKS1,E501S,0.836
Q9NXB0,MKS1,E501R,0.859
Q9NXB0,MKS1,E501Q,0.984
Q9NXB0,MKS1,E501N,0.861
Q9NXB0,MKS1,E501M,0.828
Q9NXB0,MKS1,E501L,0.78
Q9NXB0,MKS1,E501C,0.738
Q9NXB0,MKS1,E501D,0.992
Q9NXB0,MKS1,E501F,0.748
Q9NXB0,MKS1,E501A,0.879
Q9NXB0,MKS1,E501H,0.858
Q9NXB0,MKS1,E501I,0.812
Q9NXB0,MKS1,E501K,0.93
Q9NXB0,MKS1,E501G,0.849
Q9NXB0,MKS1,S502M,0.974
Q9NXB0,MKS1,S502W,0.902
Q9NXB0,MKS1,S502V,0.936
Q9NXB0,MKS1,S502T,1.07
Q9NXB0,MKS1,S502R,0.974
Q9NXB0,MKS1,S502Q,0.968
Q9NXB0,MKS1,S502P,0.992
Q9NXB0,MKS1,S502N,1.083
Q9NXB0,MKS1,S502L,0.952
Q9NXB0,MKS1,S502Y,0.964
Q9NXB0,MKS1,S502I,0.949
Q9NXB0,MKS1,S502A,1.068
Q9NXB0,MKS1,S502C,1.026
Q9NXB0,MKS1,S502D,0.966
Q9NXB0,MKS1,S502K,0.97
Q9NXB0,MKS1,S502F,0.968
Q9NXB0,MKS1,S502G,1.025
Q9NXB0,MKS1,S502H,0.96
Q9NXB0,MKS1,S502E,0.941
Q9NXB0,MKS1,S503N,1.036
Q9NXB0,MKS1,S503Y,0.921
Q9NXB0,MKS1,S503W,0.857
Q9NXB0,MKS1,S503V,0.892
Q9NXB0,MKS1,S503T,1.025
Q9NXB0,MKS1,S503R,0.93
Q9NXB0,MKS1,S503Q,0.924
Q9NXB0,MKS1,S503P,0.948
Q9NXB0,MKS1,S503M,0.93
Q9NXB0,MKS1,S503L,0.908
Q9NXB0,MKS1,S503K,0.926
Q9NXB0,MKS1,S503C,0.982
Q9NXB0,MKS1,S503D,0.922
Q9NXB0,MKS1,S503E,0.898
Q9NXB0,MKS1,S503A,1.023
Q9NXB0,MKS1,S503G,0.981
Q9NXB0,MKS1,S503H,0.916
Q9NXB0,MKS1,S503I,0.905
Q9NXB0,MKS1,S503F,0.925
Q9NXB0,MKS1,S504M,1.003
Q9NXB0,MKS1,S504W,0.931
Q9NXB0,MKS1,S504V,0.965
Q9NXB0,MKS1,S504T,1.098
Q9NXB0,MKS1,S504R,1.003
Q9NXB0,MKS1,S504Q,0.997
Q9NXB0,MKS1,S504P,1.021
Q9NXB0,MKS1,S504N,1.11
Q9NXB0,MKS1,S504L,0.98
Q9NXB0,MKS1,S504Y,0.993
Q9NXB0,MKS1,S504I,0.978
Q9NXB0,MKS1,S504A,1.096
Q9NXB0,MKS1,S504C,1.055
Q9NXB0,MKS1,S504D,0.995
Q9NXB0,MKS1,S504K,0.999
Q9NXB0,MKS1,S504F,0.998
Q9NXB0,MKS1,S504G,1.054
Q9NXB0,MKS1,S504H,0.988
Q9NXB0,MKS1,S504E,0.97
Q9NXB0,MKS1,L505N,0.888
Q9NXB0,MKS1,L505W,0.946
Q9NXB0,MKS1,L505V,1.045
Q9NXB0,MKS1,L505T,0.953
Q9NXB0,MKS1,L505S,0.938
Q9NXB0,MKS1,L505R,0.95
Q9NXB0,MKS1,L505Q,0.97
Q9NXB0,MKS1,L505P,0.941
Q9NXB0,MKS1,L505M,1.092
Q9NXB0,MKS1,L505Y,0.948
Q9NXB0,MKS1,L505I,1.071
Q9NXB0,MKS1,L505A,0.942
Q9NXB0,MKS1,L505C,0.937
Q9NXB0,MKS1,L505D,0.835
Q9NXB0,MKS1,L505K,0.913
Q9NXB0,MKS1,L505F,1.025
Q9NXB0,MKS1,L505G,0.818
Q9NXB0,MKS1,L505H,0.938
Q9NXB0,MKS1,L505E,0.878
Q9NXB0,MKS1,Q506M,1.075
Q9NXB0,MKS1,Q506W,0.996
Q9NXB0,MKS1,Q506V,0.95
Q9NXB0,MKS1,Q506T,1.002
Q9NXB0,MKS1,Q506S,0.998
Q9NXB0,MKS1,Q506R,1.136
Q9NXB0,MKS1,Q506P,1.029
Q9NXB0,MKS1,Q506N,1.028
Q9NXB0,MKS1,Q506Y,0.996
Q9NXB0,MKS1,Q506L,1.01
Q9NXB0,MKS1,Q506I,0.928
Q9NXB0,MKS1,Q506H,1.12
Q9NXB0,MKS1,Q506G,0.919
Q9NXB0,MKS1,Q506F,0.9
Q9NXB0,MKS1,Q506E,1.132
Q9NXB0,MKS1,Q506D,0.982
Q9NXB0,MKS1,Q506C,0.934
Q9NXB0,MKS1,Q506A,0.985
Q9NXB0,MKS1,Q506K,1.107
Q9NXB0,MKS1,K507P,0.876
Q9NXB0,MKS1,K507Q,1.022
Q9NXB0,MKS1,K507R,1.068
Q9NXB0,MKS1,K507N,0.995
Q9NXB0,MKS1,K507T,0.96
Q9NXB0,MKS1,K507V,0.902
Q9NXB0,MKS1,K507W,0.889
Q9NXB0,MKS1,K507S,0.934
Q9NXB0,MKS1,K507M,0.972
Q9NXB0,MKS1,K507Y,0.863
Q9NXB0,MKS1,K507I,0.904
Q9NXB0,MKS1,K507A,0.912
Q9NXB0,MKS1,K507C,0.847
Q9NXB0,MKS1,K507D,0.888
Q9NXB0,MKS1,K507L,0.893
Q9NXB0,MKS1,K507F,0.83
Q9NXB0,MKS1,K507G,0.859
Q9NXB0,MKS1,K507H,0.938
Q9NXB0,MKS1,K507E,1.0
Q9NXB0,MKS1,R508Y,0.883
Q9NXB0,MKS1,R508W,0.928
Q9NXB0,MKS1,R508V,0.852
Q9NXB0,MKS1,R508T,0.926
Q9NXB0,MKS1,R508S,0.923
Q9NXB0,MKS1,R508Q,1.016
Q9NXB0,MKS1,R508P,0.872
Q9NXB0,MKS1,R508M,0.933
Q9NXB0,MKS1,R508L,0.901
Q9NXB0,MKS1,R508N,0.946
Q9NXB0,MKS1,R508I,0.87
Q9NXB0,MKS1,R508K,1.043
Q9NXB0,MKS1,R508C,0.932
Q9NXB0,MKS1,R508D,0.806
Q9NXB0,MKS1,R508E,0.903
Q9NXB0,MKS1,R508A,0.865
Q9NXB0,MKS1,R508G,0.909
Q9NXB0,MKS1,R508H,1.007
Q9NXB0,MKS1,R508F,0.776
Q9NXB0,MKS1,M509N,0.861
Q9NXB0,MKS1,M509Y,0.873
Q9NXB0,MKS1,M509W,0.889
Q9NXB0,MKS1,M509V,1.016
Q9NXB0,MKS1,M509T,0.972
Q9NXB0,MKS1,M509S,0.886
Q9NXB0,MKS1,M509R,0.913
Q9NXB0,MKS1,M509Q,0.93
Q9NXB0,MKS1,M509L,1.024
Q9NXB0,MKS1,M509P,0.831
Q9NXB0,MKS1,M509I,1.014
Q9NXB0,MKS1,M509C,0.868
Q9NXB0,MKS1,M509D,0.778
Q9NXB0,MKS1,M509E,0.855
Q9NXB0,MKS1,M509A,0.922
Q9NXB0,MKS1,M509G,0.802
Q9NXB0,MKS1,M509H,0.864
Q9NXB0,MKS1,M509F,0.912
Q9NXB0,MKS1,M509K,0.926
Q9NXB0,MKS1,R510Y,0.902
Q9NXB0,MKS1,R510M,0.952
Q9NXB0,MKS1,R510W,0.946
Q9NXB0,MKS1,R510V,0.874
Q9NXB0,MKS1,R510T,0.944
Q9NXB0,MKS1,R510S,0.942
Q9NXB0,MKS1,R510Q,1.034
Q9NXB0,MKS1,R510P,0.891
Q9NXB0,MKS1,R510N,0.964
Q9NXB0,MKS1,R510L,0.92
Q9NXB0,MKS1,R510I,0.89
Q9NXB0,MKS1,R510H,1.026
Q9NXB0,MKS1,R510G,0.927
Q9NXB0,MKS1,R510F,0.807
Q9NXB0,MKS1,R510E,0.922
Q9NXB0,MKS1,R510D,0.838
Q9NXB0,MKS1,R510C,0.95
Q9NXB0,MKS1,R510A,0.886
Q9NXB0,MKS1,R510K,1.066
Q9NXB0,MKS1,S511N,0.99
Q9NXB0,MKS1,S511P,0.902
Q9NXB0,MKS1,S511Q,0.878
Q9NXB0,MKS1,S511M,0.884
Q9NXB0,MKS1,S511T,0.978
Q9NXB0,MKS1,S511V,0.845
Q9NXB0,MKS1,S511W,0.811
Q9NXB0,MKS1,S511R,0.884
Q9NXB0,MKS1,S511L,0.861
Q9NXB0,MKS1,S511Y,0.874
Q9NXB0,MKS1,S511I,0.858
Q9NXB0,MKS1,S511A,0.977
Q9NXB0,MKS1,S511C,0.936
Q9NXB0,MKS1,S511D,0.876
Q9NXB0,MKS1,S511K,0.88
Q9NXB0,MKS1,S511F,0.878
Q9NXB0,MKS1,S511G,0.935
Q9NXB0,MKS1,S511H,0.869
Q9NXB0,MKS1,S511E,0.852
Q9NXB0,MKS1,V512N,0.753
Q9NXB0,MKS1,V512Y,0.789
Q9NXB0,MKS1,V512W,0.732
Q9NXB0,MKS1,V512T,0.877
Q9NXB0,MKS1,V512S,0.779
Q9NXB0,MKS1,V512R,0.748
Q9NXB0,MKS1,V512Q,0.778
Q9NXB0,MKS1,V512P,0.753
Q9NXB0,MKS1,V512M,0.936
Q9NXB0,MKS1,V512D,0.758
Q9NXB0,MKS1,V512K,0.766
Q9NXB0,MKS1,V512C,0.831
Q9NXB0,MKS1,V512L,0.904
Q9NXB0,MKS1,V512E,0.81
Q9NXB0,MKS1,V512A,0.894
Q9NXB0,MKS1,V512G,0.78
Q9NXB0,MKS1,V512H,0.734
Q9NXB0,MKS1,V512I,0.992
Q9NXB0,MKS1,V512F,0.836
Q9NXB0,MKS1,L513N,0.789
Q9NXB0,MKS1,L513W,0.848
Q9NXB0,MKS1,L513V,0.947
Q9NXB0,MKS1,L513T,0.854
Q9NXB0,MKS1,L513S,0.84
Q9NXB0,MKS1,L513R,0.851
Q9NXB0,MKS1,L513Q,0.872
Q9NXB0,MKS1,L513P,0.843
Q9NXB0,MKS1,L513M,0.994
Q9NXB0,MKS1,L513Y,0.85
Q9NXB0,MKS1,L513I,0.973
Q9NXB0,MKS1,L513A,0.843
Q9NXB0,MKS1,L513C,0.838
Q9NXB0,MKS1,L513D,0.737
Q9NXB0,MKS1,L513K,0.815
Q9NXB0,MKS1,L513F,0.926
Q9NXB0,MKS1,L513G,0.72
Q9NXB0,MKS1,L513H,0.839
Q9NXB0,MKS1,L513E,0.78
Q9NXB0,MKS1,D514P,0.716
Q9NXB0,MKS1,D514W,0.654
Q9NXB0,MKS1,D514V,0.749
Q9NXB0,MKS1,D514T,0.777
Q9NXB0,MKS1,D514S,0.812
Q9NXB0,MKS1,D514R,0.721
Q9NXB0,MKS1,D514Q,0.808
Q9NXB0,MKS1,D514N,0.903
Q9NXB0,MKS1,D514Y,0.794
Q9NXB0,MKS1,D514M,0.718
Q9NXB0,MKS1,D514A,0.79
Q9NXB0,MKS1,D514C,0.732
Q9NXB0,MKS1,D514E,0.926
Q9NXB0,MKS1,D514F,0.738
Q9NXB0,MKS1,D514L,0.681
Q9NXB0,MKS1,D514H,0.823
Q9NXB0,MKS1,D514I,0.732
Q9NXB0,MKS1,D514K,0.774
Q9NXB0,MKS1,D514G,0.822
Q9NXB0,MKS1,R515M,0.93
Q9NXB0,MKS1,R515W,0.926
Q9NXB0,MKS1,R515V,0.853
Q9NXB0,MKS1,R515T,0.924
Q9NXB0,MKS1,R515S,0.92
Q9NXB0,MKS1,R515Q,1.014
Q9NXB0,MKS1,R515P,0.87
Q9NXB0,MKS1,R515N,0.944
Q9NXB0,MKS1,R515Y,0.88
Q9NXB0,MKS1,R515K,1.041
Q9NXB0,MKS1,R515I,0.869
Q9NXB0,MKS1,R515H,1.005
Q9NXB0,MKS1,R515G,0.906
Q9NXB0,MKS1,R515F,0.793
Q9NXB0,MKS1,R515E,0.901
Q9NXB0,MKS1,R515D,0.817
Q9NXB0,MKS1,R515C,0.93
Q9NXB0,MKS1,R515A,0.864
Q9NXB0,MKS1,R515L,0.898
Q9NXB0,MKS1,L516P,0.781
Q9NXB0,MKS1,L516Q,0.81
Q9NXB0,MKS1,L516R,0.79
Q9NXB0,MKS1,L516N,0.727
Q9NXB0,MKS1,L516T,0.792
Q9NXB0,MKS1,L516V,0.885
Q9NXB0,MKS1,L516W,0.786
Q9NXB0,MKS1,L516S,0.778
Q9NXB0,MKS1,L516Y,0.788
Q9NXB0,MKS1,L516M,0.932
Q9NXB0,MKS1,L516I,0.911
Q9NXB0,MKS1,L516A,0.781
Q9NXB0,MKS1,L516C,0.777
Q9NXB0,MKS1,L516D,0.675
Q9NXB0,MKS1,L516K,0.752
Q9NXB0,MKS1,L516F,0.865
Q9NXB0,MKS1,L516G,0.658
Q9NXB0,MKS1,L516H,0.778
Q9NXB0,MKS1,L516E,0.718
Q9NXB0,MKS1,E517P,0.839
Q9NXB0,MKS1,E517Y,0.835
Q9NXB0,MKS1,E517W,0.774
Q9NXB0,MKS1,E517V,0.888
Q9NXB0,MKS1,E517T,0.869
Q9NXB0,MKS1,E517S,0.87
Q9NXB0,MKS1,E517R,0.895
Q9NXB0,MKS1,E517Q,1.01
Q9NXB0,MKS1,E517N,0.897
Q9NXB0,MKS1,E517M,0.863
Q9NXB0,MKS1,E517L,0.816
Q9NXB0,MKS1,E517C,0.766
Q9NXB0,MKS1,E517D,1.016
Q9NXB0,MKS1,E517F,0.778
Q9NXB0,MKS1,E517A,0.914
Q9NXB0,MKS1,E517H,0.893
Q9NXB0,MKS1,E517I,0.847
Q9NXB0,MKS1,E517K,0.966
Q9NXB0,MKS1,E517G,0.885
Q9NXB0,MKS1,G518P,0.754
Q9NXB0,MKS1,G518Y,0.74
Q9NXB0,MKS1,G518W,0.8
Q9NXB0,MKS1,G518V,0.818
Q9NXB0,MKS1,G518T,0.806
Q9NXB0,MKS1,G518S,0.916
Q9NXB0,MKS1,G518R,0.849
Q9NXB0,MKS1,G518Q,0.798
Q9NXB0,MKS1,G518N,0.879
Q9NXB0,MKS1,G518M,0.758
Q9NXB0,MKS1,G518L,0.713
Q9NXB0,MKS1,G518C,0.84
Q9NXB0,MKS1,G518D,0.859
Q9NXB0,MKS1,G518E,0.842
Q9NXB0,MKS1,G518A,0.921
Q9NXB0,MKS1,G518H,0.785
Q9NXB0,MKS1,G518I,0.752
Q9NXB0,MKS1,G518K,0.794
Q9NXB0,MKS1,G518F,0.762
Q9NXB0,MKS1,F519P,0.736
Q9NXB0,MKS1,F519Y,1.026
Q9NXB0,MKS1,F519W,0.919
Q9NXB0,MKS1,F519V,0.899
Q9NXB0,MKS1,F519T,0.839
Q9NXB0,MKS1,F519S,0.876
Q9NXB0,MKS1,F519R,0.803
Q9NXB0,MKS1,F519Q,0.804
Q9NXB0,MKS1,F519N,0.798
Q9NXB0,MKS1,F519M,0.903
Q9NXB0,MKS1,F519L,0.942
Q9NXB0,MKS1,F519C,0.899
Q9NXB0,MKS1,F519D,0.79
Q9NXB0,MKS1,F519E,0.737
Q9NXB0,MKS1,F519A,0.83
Q9NXB0,MKS1,F519H,0.896
Q9NXB0,MKS1,F519I,0.925
Q9NXB0,MKS1,F519K,0.778
Q9NXB0,MKS1,F519G,0.748
Q9NXB0,MKS1,S520M,0.823
Q9NXB0,MKS1,S520W,0.75
Q9NXB0,MKS1,S520V,0.785
Q9NXB0,MKS1,S520T,0.918
Q9NXB0,MKS1,S520R,0.823
Q9NXB0,MKS1,S520Q,0.818
Q9NXB0,MKS1,S520P,0.841
Q9NXB0,MKS1,S520N,0.93
Q9NXB0,MKS1,S520L,0.801
Q9NXB0,MKS1,S520Y,0.813
Q9NXB0,MKS1,S520I,0.798
Q9NXB0,MKS1,S520A,0.916
Q9NXB0,MKS1,S520C,0.876
Q9NXB0,MKS1,S520D,0.815
Q9NXB0,MKS1,S520K,0.82
Q9NXB0,MKS1,S520F,0.817
Q9NXB0,MKS1,S520G,0.874
Q9NXB0,MKS1,S520H,0.808
Q9NXB0,MKS1,S520E,0.79
Q9NXB0,MKS1,Q521N,0.882
Q9NXB0,MKS1,Q521Y,0.861
Q9NXB0,MKS1,Q521W,0.862
Q9NXB0,MKS1,Q521V,0.829
Q9NXB0,MKS1,Q521T,0.865
Q9NXB0,MKS1,Q521S,0.861
Q9NXB0,MKS1,Q521R,0.963
Q9NXB0,MKS1,Q521P,0.885
Q9NXB0,MKS1,Q521M,0.916
Q9NXB0,MKS1,Q521L,0.872
Q9NXB0,MKS1,Q521K,0.94
Q9NXB0,MKS1,Q521C,0.819
Q9NXB0,MKS1,Q521D,0.849
Q9NXB0,MKS1,Q521E,0.96
Q9NXB0,MKS1,Q521A,0.853
Q9NXB0,MKS1,Q521G,0.806
Q9NXB0,MKS1,Q521H,0.95
Q9NXB0,MKS1,Q521I,0.814
Q9NXB0,MKS1,Q521F,0.79
Q9NXB0,MKS1,Q522M,0.852
Q9NXB0,MKS1,Q522W,0.798
Q9NXB0,MKS1,Q522V,0.766
Q9NXB0,MKS1,Q522T,0.802
Q9NXB0,MKS1,Q522S,0.798
Q9NXB0,MKS1,Q522R,0.9
Q9NXB0,MKS1,Q522P,0.821
Q9NXB0,MKS1,Q522N,0.818
Q9NXB0,MKS1,Q522L,0.809
Q9NXB0,MKS1,Q522Y,0.798
Q9NXB0,MKS1,Q522I,0.75
Q9NXB0,MKS1,Q522A,0.79
Q9NXB0,MKS1,Q522C,0.756
Q9NXB0,MKS1,Q522D,0.786
Q9NXB0,MKS1,Q522K,0.876
Q9NXB0,MKS1,Q522F,0.728
Q9NXB0,MKS1,Q522G,0.744
Q9NXB0,MKS1,Q522H,0.887
Q9NXB0,MKS1,Q522E,0.897
Q9NXB0,MKS1,S523M,0.891
Q9NXB0,MKS1,S523W,0.818
Q9NXB0,MKS1,S523V,0.853
Q9NXB0,MKS1,S523T,0.985
Q9NXB0,MKS1,S523R,0.891
Q9NXB0,MKS1,S523Q,0.885
Q9NXB0,MKS1,S523P,0.908
Q9NXB0,MKS1,S523N,0.997
Q9NXB0,MKS1,S523L,0.868
Q9NXB0,MKS1,S523Y,0.881
Q9NXB0,MKS1,S523I,0.865
Q9NXB0,MKS1,S523A,0.984
Q9NXB0,MKS1,S523C,0.944
Q9NXB0,MKS1,S523D,0.883
Q9NXB0,MKS1,S523K,0.887
Q9NXB0,MKS1,S523F,0.886
Q9NXB0,MKS1,S523G,0.942
Q9NXB0,MKS1,S523H,0.876
Q9NXB0,MKS1,S523E,0.858
Q9NXB0,MKS1,S524M,0.844
Q9NXB0,MKS1,S524W,0.771
Q9NXB0,MKS1,S524V,0.806
Q9NXB0,MKS1,S524T,0.938
Q9NXB0,MKS1,S524R,0.844
Q9NXB0,MKS1,S524Q,0.838
Q9NXB0,MKS1,S524P,0.862
Q9NXB0,MKS1,S524N,0.95
Q9NXB0,MKS1,S524Y,0.834
Q9NXB0,MKS1,S524L,0.822
Q9NXB0,MKS1,S524I,0.818
Q9NXB0,MKS1,S524H,0.829
Q9NXB0,MKS1,S524G,0.894
Q9NXB0,MKS1,S524F,0.838
Q9NXB0,MKS1,S524E,0.812
Q9NXB0,MKS1,S524D,0.836
Q9NXB0,MKS1,S524C,0.896
Q9NXB0,MKS1,S524A,0.936
Q9NXB0,MKS1,S524K,0.84
Q9NXB0,MKS1,I525Q,0.784
Q9NXB0,MKS1,I525R,0.818
Q9NXB0,MKS1,I525Y,0.856
Q9NXB0,MKS1,I525P,0.768
Q9NXB0,MKS1,I525T,0.919
Q9NXB0,MKS1,I525V,1.048
Q9NXB0,MKS1,I525W,0.775
Q9NXB0,MKS1,I525S,0.834
Q9NXB0,MKS1,I525N,0.839
Q9NXB0,MKS1,I525F,0.896
Q9NXB0,MKS1,I525L,0.966
Q9NXB0,MKS1,I525A,0.866
Q9NXB0,MKS1,I525C,0.857
Q9NXB0,MKS1,I525D,0.755
Q9NXB0,MKS1,I525M,0.972
Q9NXB0,MKS1,I525G,0.736
Q9NXB0,MKS1,I525H,0.796
Q9NXB0,MKS1,I525K,0.819
Q9NXB0,MKS1,I525E,0.779
Q9NXB0,MKS1,H526P,0.878
Q9NXB0,MKS1,H526Y,1.032
Q9NXB0,MKS1,H526W,0.87
Q9NXB0,MKS1,H526V,0.81
Q9NXB0,MKS1,H526T,0.86
Q9NXB0,MKS1,H526S,0.882
Q9NXB0,MKS1,H526R,0.988
Q9NXB0,MKS1,H526Q,0.979
Q9NXB0,MKS1,H526N,0.996
Q9NXB0,MKS1,H526M,0.866
Q9NXB0,MKS1,H526L,0.872
Q9NXB0,MKS1,H526C,0.883
Q9NXB0,MKS1,H526D,0.92
Q9NXB0,MKS1,H526E,0.902
Q9NXB0,MKS1,H526A,0.828
Q9NXB0,MKS1,H526G,0.832
Q9NXB0,MKS1,H526I,0.837
Q9NXB0,MKS1,H526K,0.897
Q9NXB0,MKS1,H526F,0.916
Q9NXB0,MKS1,N527P,0.724
Q9NXB0,MKS1,N527Y,0.816
Q9NXB0,MKS1,N527W,0.693
Q9NXB0,MKS1,N527V,0.75
Q9NXB0,MKS1,N527T,0.878
Q9NXB0,MKS1,N527S,0.924
Q9NXB0,MKS1,N527R,0.831
Q9NXB0,MKS1,N527Q,0.838
Q9NXB0,MKS1,N527M,0.792
Q9NXB0,MKS1,N527L,0.722
Q9NXB0,MKS1,N527K,0.868
Q9NXB0,MKS1,N527C,0.78
Q9NXB0,MKS1,N527D,0.899
Q9NXB0,MKS1,N527E,0.802
Q9NXB0,MKS1,N527A,0.787
Q9NXB0,MKS1,N527G,0.828
Q9NXB0,MKS1,N527H,0.914
Q9NXB0,MKS1,N527I,0.788
Q9NXB0,MKS1,N527F,0.745
Q9NXB0,MKS1,V528N,0.772
Q9NXB0,MKS1,V528Y,0.788
Q9NXB0,MKS1,V528W,0.726
Q9NXB0,MKS1,V528T,0.934
Q9NXB0,MKS1,V528S,0.814
Q9NXB0,MKS1,V528R,0.748
Q9NXB0,MKS1,V528Q,0.788
Q9NXB0,MKS1,V528P,0.794
Q9NXB0,MKS1,V528M,0.971
Q9NXB0,MKS1,V528L,0.952
Q9NXB0,MKS1,V528K,0.788
Q9NXB0,MKS1,V528C,0.835
Q9NXB0,MKS1,V528D,0.782
Q9NXB0,MKS1,V528E,0.84
Q9NXB0,MKS1,V528A,0.93
Q9NXB0,MKS1,V528G,0.835
Q9NXB0,MKS1,V528H,0.734
Q9NXB0,MKS1,V528I,1.036
Q9NXB0,MKS1,V528F,0.858
Q9NXB0,MKS1,L529P,0.854
Q9NXB0,MKS1,L529Y,0.826
Q9NXB0,MKS1,L529W,0.81
Q9NXB0,MKS1,L529V,0.96
Q9NXB0,MKS1,L529T,0.864
Q9NXB0,MKS1,L529S,0.851
Q9NXB0,MKS1,L529R,0.832
Q9NXB0,MKS1,L529Q,0.868
Q9NXB0,MKS1,L529N,0.769
Q9NXB0,MKS1,L529M,1.008
Q9NXB0,MKS1,L529K,0.798
Q9NXB0,MKS1,L529C,0.82
Q9NXB0,MKS1,L529D,0.717
Q9NXB0,MKS1,L529E,0.765
Q9NXB0,MKS1,L529A,0.853
Q9NXB0,MKS1,L529G,0.712
Q9NXB0,MKS1,L529H,0.83
Q9NXB0,MKS1,L529I,0.982
Q9NXB0,MKS1,L529F,0.919
Q9NXB0,MKS1,E530P,0.893
Q9NXB0,MKS1,E530Y,0.852
Q9NXB0,MKS1,E530W,0.791
Q9NXB0,MKS1,E530V,0.925
Q9NXB0,MKS1,E530T,0.922
Q9NXB0,MKS1,E530S,0.927
Q9NXB0,MKS1,E530R,0.926
Q9NXB0,MKS1,E530Q,1.062
Q9NXB0,MKS1,E530N,0.949
Q9NXB0,MKS1,E530M,0.889
Q9NXB0,MKS1,E530L,0.854
Q9NXB0,MKS1,E530C,0.789
Q9NXB0,MKS1,E530D,1.078
Q9NXB0,MKS1,E530F,0.806
Q9NXB0,MKS1,E530A,0.954
Q9NXB0,MKS1,E530H,0.935
Q9NXB0,MKS1,E530I,0.868
Q9NXB0,MKS1,E530K,1.014
Q9NXB0,MKS1,E530G,0.921
Q9NXB0,MKS1,A531P,0.891
Q9NXB0,MKS1,A531Y,0.81
Q9NXB0,MKS1,A531W,0.742
Q9NXB0,MKS1,A531V,0.954
Q9NXB0,MKS1,A531T,0.947
Q9NXB0,MKS1,A531S,0.956
Q9NXB0,MKS1,A531R,0.788
Q9NXB0,MKS1,A531Q,0.828
Q9NXB0,MKS1,A531N,0.832
Q9NXB0,MKS1,A531M,0.899
Q9NXB0,MKS1,A531L,0.876
Q9NXB0,MKS1,A531D,0.826
Q9NXB0,MKS1,A531E,0.86
Q9NXB0,MKS1,A531F,0.825
Q9NXB0,MKS1,A531C,0.901
Q9NXB0,MKS1,A531H,0.784
Q9NXB0,MKS1,A531I,0.893
Q9NXB0,MKS1,A531K,0.81
Q9NXB0,MKS1,A531G,0.915
Q9NXB0,MKS1,F532P,0.766
Q9NXB0,MKS1,F532Y,1.055
Q9NXB0,MKS1,F532W,0.914
Q9NXB0,MKS1,F532V,0.905
Q9NXB0,MKS1,F532T,0.862
Q9NXB0,MKS1,F532S,0.871
Q9NXB0,MKS1,F532R,0.812
Q9NXB0,MKS1,F532Q,0.829
Q9NXB0,MKS1,F532N,0.796
Q9NXB0,MKS1,F532M,0.912
Q9NXB0,MKS1,F532L,0.962
Q9NXB0,MKS1,F532C,0.869
Q9NXB0,MKS1,F532D,0.826
Q9NXB0,MKS1,F532E,0.758
Q9NXB0,MKS1,F532A,0.858
Q9NXB0,MKS1,F532H,0.885
Q9NXB0,MKS1,F532I,0.938
Q9NXB0,MKS1,F532K,0.794
Q9NXB0,MKS1,F532G,0.777
Q9NXB0,MKS1,R533M,1.026
Q9NXB0,MKS1,R533W,0.997
Q9NXB0,MKS1,R533V,0.945
Q9NXB0,MKS1,R533T,1.022
Q9NXB0,MKS1,R533S,1.018
Q9NXB0,MKS1,R533Q,1.114
Q9NXB0,MKS1,R533P,0.968
Q9NXB0,MKS1,R533N,1.048
Q9NXB0,MKS1,R533L,0.996
Q9NXB0,MKS1,R533Y,0.966
Q9NXB0,MKS1,R533I,0.954
Q9NXB0,MKS1,R533A,0.971
Q9NXB0,MKS1,R533C,1.016
Q9NXB0,MKS1,R533D,0.899
Q9NXB0,MKS1,R533K,1.151
Q9NXB0,MKS1,R533F,0.879
Q9NXB0,MKS1,R533G,0.998
Q9NXB0,MKS1,R533H,1.086
Q9NXB0,MKS1,R533E,1.002
Q9NXB0,MKS1,R534N,0.96
Q9NXB0,MKS1,R534Y,0.884
Q9NXB0,MKS1,R534W,0.893
Q9NXB0,MKS1,R534V,0.855
Q9NXB0,MKS1,R534T,0.933
Q9NXB0,MKS1,R534S,0.928
Q9NXB0,MKS1,R534Q,1.024
Q9NXB0,MKS1,R534P,0.879
Q9NXB0,MKS1,R534M,0.938
Q9NXB0,MKS1,R534L,0.912
Q9NXB0,MKS1,R534K,1.06
Q9NXB0,MKS1,R534C,0.908
Q9NXB0,MKS1,R534D,0.826
Q9NXB0,MKS1,R534E,0.928
Q9NXB0,MKS1,R534A,0.885
Q9NXB0,MKS1,R534G,0.906
Q9NXB0,MKS1,R534H,1.0
Q9NXB0,MKS1,R534I,0.862
Q9NXB0,MKS1,R534F,0.802
Q9NXB0,MKS1,A535P,0.896
Q9NXB0,MKS1,A535Y,0.804
Q9NXB0,MKS1,A535W,0.735
Q9NXB0,MKS1,A535V,0.966
Q9NXB0,MKS1,A535T,0.952
Q9NXB0,MKS1,A535S,0.961
Q9NXB0,MKS1,A535R,0.788
Q9NXB0,MKS1,A535Q,0.838
Q9NXB0,MKS1,A535N,0.824
Q9NXB0,MKS1,A535M,0.899
Q9NXB0,MKS1,A535L,0.88
Q9NXB0,MKS1,A535D,0.828
Q9NXB0,MKS1,A535E,0.868
Q9NXB0,MKS1,A535F,0.821
Q9NXB0,MKS1,A535C,0.902
Q9NXB0,MKS1,A535H,0.782
Q9NXB0,MKS1,A535I,0.882
Q9NXB0,MKS1,A535K,0.82
Q9NXB0,MKS1,A535G,0.919
Q9NXB0,MKS1,R536N,0.926
Q9NXB0,MKS1,R536Y,0.851
Q9NXB0,MKS1,R536W,0.86
Q9NXB0,MKS1,R536V,0.83
Q9NXB0,MKS1,R536T,0.901
Q9NXB0,MKS1,R536S,0.896
Q9NXB0,MKS1,R536Q,0.991
Q9NXB0,MKS1,R536P,0.85
Q9NXB0,MKS1,R536M,0.914
Q9NXB0,MKS1,R536L,0.887
Q9NXB0,MKS1,R536K,1.026
Q9NXB0,MKS1,R536C,0.884
Q9NXB0,MKS1,R536D,0.792
Q9NXB0,MKS1,R536E,0.892
Q9NXB0,MKS1,R536A,0.858
Q9NXB0,MKS1,R536G,0.876
Q9NXB0,MKS1,R536H,0.966
Q9NXB0,MKS1,R536I,0.836
Q9NXB0,MKS1,R536F,0.776
Q9NXB0,MKS1,R537M,0.983
Q9NXB0,MKS1,R537W,0.942
Q9NXB0,MKS1,R537V,0.902
Q9NXB0,MKS1,R537T,0.986
Q9NXB0,MKS1,R537S,0.983
Q9NXB0,MKS1,R537Q,1.076
Q9NXB0,MKS1,R537P,0.934
Q9NXB0,MKS1,R537N,1.014
Q9NXB0,MKS1,R537L,0.952
Q9NXB0,MKS1,R537Y,0.927
Q9NXB0,MKS1,R537I,0.904
Q9NXB0,MKS1,R537A,0.938
Q9NXB0,MKS1,R537C,0.961
Q9NXB0,MKS1,R537D,0.881
Q9NXB0,MKS1,R537K,1.12
Q9NXB0,MKS1,R537F,0.848
Q9NXB0,MKS1,R537G,0.96
Q9NXB0,MKS1,R537H,1.049
Q9NXB0,MKS1,R537E,0.978
Q9NXB0,MKS1,R538N,0.958
Q9NXB0,MKS1,R538Y,0.881
Q9NXB0,MKS1,R538W,0.892
Q9NXB0,MKS1,R538V,0.86
Q9NXB0,MKS1,R538T,0.932
Q9NXB0,MKS1,R538S,0.928
Q9NXB0,MKS1,R538Q,1.022
Q9NXB0,MKS1,R538P,0.88
Q9NXB0,MKS1,R538M,0.94
Q9NXB0,MKS1,R538L,0.916
Q9NXB0,MKS1,R538K,1.052
Q9NXB0,MKS1,R538C,0.912
Q9NXB0,MKS1,R538D,0.829
Q9NXB0,MKS1,R538E,0.927
Q9NXB0,MKS1,R538A,0.889
Q9NXB0,MKS1,R538G,0.909
Q9NXB0,MKS1,R538H,0.995
Q9NXB0,MKS1,R538I,0.865
Q9NXB0,MKS1,R538F,0.806
Q9NXB0,MKS1,M539N,0.828
Q9NXB0,MKS1,M539W,0.837
Q9NXB0,MKS1,M539V,0.98
Q9NXB0,MKS1,M539T,0.931
Q9NXB0,MKS1,M539S,0.885
Q9NXB0,MKS1,M539R,0.885
Q9NXB0,MKS1,M539Q,0.91
Q9NXB0,MKS1,M539P,0.832
Q9NXB0,MKS1,M539L,0.992
Q9NXB0,MKS1,M539Y,0.8
Q9NXB0,MKS1,M539I,0.954
Q9NXB0,MKS1,M539A,0.887
Q9NXB0,MKS1,M539C,0.839
Q9NXB0,MKS1,M539D,0.75
Q9NXB0,MKS1,M539K,0.892
Q9NXB0,MKS1,M539F,0.863
Q9NXB0,MKS1,M539G,0.738
Q9NXB0,MKS1,M539H,0.794
Q9NXB0,MKS1,M539E,0.824
Q9NXB0,MKS1,Q540M,0.972
Q9NXB0,MKS1,Q540W,0.824
Q9NXB0,MKS1,Q540V,0.889
Q9NXB0,MKS1,Q540T,0.933
Q9NXB0,MKS1,Q540S,0.944
Q9NXB0,MKS1,Q540R,1.015
Q9NXB0,MKS1,Q540P,0.944
Q9NXB0,MKS1,Q540N,0.958
Q9NXB0,MKS1,Q540L,0.915
Q9NXB0,MKS1,Q540Y,0.893
Q9NXB0,MKS1,Q540I,0.845
Q9NXB0,MKS1,Q540A,0.925
Q9NXB0,MKS1,Q540C,0.837
Q9NXB0,MKS1,Q540D,0.937
Q9NXB0,MKS1,Q540K,1.007
Q9NXB0,MKS1,Q540F,0.827
Q9NXB0,MKS1,Q540G,0.874
Q9NXB0,MKS1,Q540H,0.99
Q9NXB0,MKS1,Q540E,1.046
Q9NXB0,MKS1,E541N,0.948
Q9NXB0,MKS1,E541W,0.795
Q9NXB0,MKS1,E541V,0.92
Q9NXB0,MKS1,E541T,0.918
Q9NXB0,MKS1,E541S,0.935
Q9NXB0,MKS1,E541R,0.928
Q9NXB0,MKS1,E541Q,1.055
Q9NXB0,MKS1,E541P,0.901
Q9NXB0,MKS1,E541Y,0.847
Q9NXB0,MKS1,E541M,0.884
Q9NXB0,MKS1,E541K,1.009
Q9NXB0,MKS1,E541I,0.861
Q9NXB0,MKS1,E541H,0.938
Q9NXB0,MKS1,E541G,0.917
Q9NXB0,MKS1,E541F,0.814
Q9NXB0,MKS1,E541D,1.073
Q9NXB0,MKS1,E541C,0.784
Q9NXB0,MKS1,E541A,0.95
Q9NXB0,MKS1,E541L,0.849
Q9NXB0,MKS1,A542P,0.877
Q9NXB0,MKS1,A542Q,0.824
Q9NXB0,MKS1,A542R,0.776
Q9NXB0,MKS1,A542N,0.806
Q9NXB0,MKS1,A542T,0.932
Q9NXB0,MKS1,A542V,0.934
Q9NXB0,MKS1,A542W,0.708
Q9NXB0,MKS1,A542Y,0.783
Q9NXB0,MKS1,A542M,0.866
Q9NXB0,MKS1,A542S,0.942
Q9NXB0,MKS1,A542K,0.812
Q9NXB0,MKS1,A542C,0.876
Q9NXB0,MKS1,A542D,0.806
Q9NXB0,MKS1,A542E,0.849
Q9NXB0,MKS1,A542L,0.843
Q9NXB0,MKS1,A542G,0.9
Q9NXB0,MKS1,A542H,0.768
Q9NXB0,MKS1,A542I,0.847
Q9NXB0,MKS1,A542F,0.793
Q9NXB0,MKS1,R543N,0.998
Q9NXB0,MKS1,R543Y,0.907
Q9NXB0,MKS1,R543W,0.914
Q9NXB0,MKS1,R543V,0.877
Q9NXB0,MKS1,R543T,0.966
Q9NXB0,MKS1,R543S,0.966
Q9NXB0,MKS1,R543Q,1.062
Q9NXB0,MKS1,R543P,0.917
Q9NXB0,MKS1,R543M,0.959
Q9NXB0,MKS1,R543L,0.924
Q9NXB0,MKS1,R543K,1.102
Q9NXB0,MKS1,R543C,0.935
Q9NXB0,MKS1,R543D,0.854
Q9NXB0,MKS1,R543E,0.958
Q9NXB0,MKS1,R543A,0.92
Q9NXB0,MKS1,R543G,0.943
Q9NXB0,MKS1,R543H,1.031
Q9NXB0,MKS1,R543I,0.879
Q9NXB0,MKS1,R543F,0.814
Q9NXB0,MKS1,E544P,0.959
Q9NXB0,MKS1,E544Y,0.906
Q9NXB0,MKS1,E544W,0.853
Q9NXB0,MKS1,E544V,0.97
Q9NXB0,MKS1,E544T,0.975
Q9NXB0,MKS1,E544S,0.993
Q9NXB0,MKS1,E544R,0.995
Q9NXB0,MKS1,E544Q,1.118
Q9NXB0,MKS1,E544N,1.009
Q9NXB0,MKS1,E544M,0.936
Q9NXB0,MKS1,E544L,0.896
Q9NXB0,MKS1,E544C,0.837
Q9NXB0,MKS1,E544D,1.132
Q9NXB0,MKS1,E544F,0.865
Q9NXB0,MKS1,E544A,1.006
Q9NXB0,MKS1,E544H,1.0
Q9NXB0,MKS1,E544I,0.914
Q9NXB0,MKS1,E544K,1.078
Q9NXB0,MKS1,E544G,0.972
Q9NXB0,MKS1,S545N,1.084
Q9NXB0,MKS1,S545Y,0.93
Q9NXB0,MKS1,S545W,0.859
Q9NXB0,MKS1,S545V,0.931
Q9NXB0,MKS1,S545T,1.066
Q9NXB0,MKS1,S545R,0.959
Q9NXB0,MKS1,S545Q,0.962
Q9NXB0,MKS1,S545P,0.991
Q9NXB0,MKS1,S545M,0.958
Q9NXB0,MKS1,S545L,0.943
Q9NXB0,MKS1,S545K,0.97
Q9NXB0,MKS1,S545C,0.984
Q9NXB0,MKS1,S545D,0.964
Q9NXB0,MKS1,S545E,0.931
Q9NXB0,MKS1,S545A,1.062
Q9NXB0,MKS1,S545G,1.027
Q9NXB0,MKS1,S545H,0.942
Q9NXB0,MKS1,S545I,0.932
Q9NXB0,MKS1,S545F,0.958
Q9NXB0,MKS1,L546N,0.723
Q9NXB0,MKS1,L546W,0.782
Q9NXB0,MKS1,L546V,0.88
Q9NXB0,MKS1,L546T,0.788
Q9NXB0,MKS1,L546S,0.774
Q9NXB0,MKS1,L546R,0.785
Q9NXB0,MKS1,L546Q,0.806
Q9NXB0,MKS1,L546P,0.766
Q9NXB0,MKS1,L546M,0.944
Q9NXB0,MKS1,L546Y,0.784
Q9NXB0,MKS1,L546I,0.918
Q9NXB0,MKS1,L546A,0.776
Q9NXB0,MKS1,L546C,0.772
Q9NXB0,MKS1,L546D,0.669
Q9NXB0,MKS1,L546K,0.748
Q9NXB0,MKS1,L546F,0.86
Q9NXB0,MKS1,L546G,0.654
Q9NXB0,MKS1,L546H,0.764
Q9NXB0,MKS1,L546E,0.714
Q9NXB0,MKS1,P547N,0.766
Q9NXB0,MKS1,P547Y,0.766
Q9NXB0,MKS1,P547W,0.661
Q9NXB0,MKS1,P547V,0.796
Q9NXB0,MKS1,P547T,0.86
Q9NXB0,MKS1,P547S,0.87
Q9NXB0,MKS1,P547R,0.801
Q9NXB0,MKS1,P547Q,0.868
Q9NXB0,MKS1,P547M,0.808
Q9NXB0,MKS1,P547L,0.83
Q9NXB0,MKS1,P547K,0.783
Q9NXB0,MKS1,P547C,0.762
Q9NXB0,MKS1,P547D,0.754
Q9NXB0,MKS1,P547E,0.794
Q9NXB0,MKS1,P547A,0.882
Q9NXB0,MKS1,P547G,0.744
Q9NXB0,MKS1,P547H,0.824
Q9NXB0,MKS1,P547I,0.766
Q9NXB0,MKS1,P547F,0.746
Q9NXB0,MKS1,Q548M,0.93
Q9NXB0,MKS1,Q548W,0.876
Q9NXB0,MKS1,Q548V,0.844
Q9NXB0,MKS1,Q548T,0.88
Q9NXB0,MKS1,Q548S,0.876
Q9NXB0,MKS1,Q548R,0.978
Q9NXB0,MKS1,Q548P,0.899
Q9NXB0,MKS1,Q548N,0.896
Q9NXB0,MKS1,Q548L,0.887
Q9NXB0,MKS1,Q548Y,0.876
Q9NXB0,MKS1,Q548I,0.828
Q9NXB0,MKS1,Q548A,0.867
Q9NXB0,MKS1,Q548C,0.834
Q9NXB0,MKS1,Q548D,0.864
Q9NXB0,MKS1,Q548K,0.954
Q9NXB0,MKS1,Q548F,0.806
Q9NXB0,MKS1,Q548G,0.821
Q9NXB0,MKS1,Q548H,0.965
Q9NXB0,MKS1,Q548E,0.974
Q9NXB0,MKS1,D549N,0.953
Q9NXB0,MKS1,D549W,0.704
Q9NXB0,MKS1,D549V,0.799
Q9NXB0,MKS1,D549T,0.826
Q9NXB0,MKS1,D549S,0.862
Q9NXB0,MKS1,D549R,0.771
Q9NXB0,MKS1,D549Q,0.858
Q9NXB0,MKS1,D549P,0.766
Q9NXB0,MKS1,D549M,0.768
Q9NXB0,MKS1,D549Y,0.843
Q9NXB0,MKS1,D549K,0.824
Q9NXB0,MKS1,D549A,0.84
Q9NXB0,MKS1,D549C,0.781
Q9NXB0,MKS1,D549E,0.976
Q9NXB0,MKS1,D549L,0.73
Q9NXB0,MKS1,D549G,0.871
Q9NXB0,MKS1,D549H,0.873
Q9NXB0,MKS1,D549I,0.781
Q9NXB0,MKS1,D549F,0.788
Q9NXB0,MKS1,L550N,0.749
Q9NXB0,MKS1,L550W,0.808
Q9NXB0,MKS1,L550V,0.906
Q9NXB0,MKS1,L550T,0.814
Q9NXB0,MKS1,L550S,0.8
Q9NXB0,MKS1,L550R,0.812
Q9NXB0,MKS1,L550Q,0.832
Q9NXB0,MKS1,L550P,0.802
Q9NXB0,MKS1,L550Y,0.81
Q9NXB0,MKS1,L550M,0.966
Q9NXB0,MKS1,L550I,0.941
Q9NXB0,MKS1,L550H,0.8
Q9NXB0,MKS1,L550G,0.68
Q9NXB0,MKS1,L550F,0.887
Q9NXB0,MKS1,L550E,0.74
Q9NXB0,MKS1,L550D,0.697
Q9NXB0,MKS1,L550C,0.799
Q9NXB0,MKS1,L550A,0.803
Q9NXB0,MKS1,L550K,0.774
Q9NXB0,MKS1,V551P,0.838
Q9NXB0,MKS1,V551Q,0.863
Q9NXB0,MKS1,V551Y,0.874
Q9NXB0,MKS1,V551N,0.838
Q9NXB0,MKS1,V551S,0.864
Q9NXB0,MKS1,V551T,0.962
Q9NXB0,MKS1,V551W,0.817
Q9NXB0,MKS1,V551R,0.833
Q9NXB0,MKS1,V551M,1.034
Q9NXB0,MKS1,V551F,0.921
Q9NXB0,MKS1,V551K,0.852
Q9NXB0,MKS1,V551A,0.979
Q9NXB0,MKS1,V551C,0.916
Q9NXB0,MKS1,V551D,0.842
Q9NXB0,MKS1,V551L,0.995
Q9NXB0,MKS1,V551G,0.865
Q9NXB0,MKS1,V551H,0.819
Q9NXB0,MKS1,V551I,1.114
Q9NXB0,MKS1,V551E,0.895
Q9NXB0,MKS1,S552N,1.148
Q9NXB0,MKS1,S552Y,1.031
Q9NXB0,MKS1,S552W,0.963
Q9NXB0,MKS1,S552V,1.003
Q9NXB0,MKS1,S552T,1.136
Q9NXB0,MKS1,S552R,1.041
Q9NXB0,MKS1,S552Q,1.035
Q9NXB0,MKS1,S552P,1.059
Q9NXB0,MKS1,S552M,1.041
Q9NXB0,MKS1,S552L,1.018
Q9NXB0,MKS1,S552K,1.037
Q9NXB0,MKS1,S552C,1.094
Q9NXB0,MKS1,S552D,1.033
Q9NXB0,MKS1,S552E,1.008
Q9NXB0,MKS1,S552A,1.134
Q9NXB0,MKS1,S552G,1.092
Q9NXB0,MKS1,S552H,1.026
Q9NXB0,MKS1,S552I,1.016
Q9NXB0,MKS1,S552F,1.036
Q9NXB0,MKS1,P553N,0.929
Q9NXB0,MKS1,P553Y,0.928
Q9NXB0,MKS1,P553W,0.822
Q9NXB0,MKS1,P553V,0.958
Q9NXB0,MKS1,P553T,1.023
Q9NXB0,MKS1,P553S,1.032
Q9NXB0,MKS1,P553R,0.963
Q9NXB0,MKS1,P553Q,1.03
Q9NXB0,MKS1,P553M,0.97
Q9NXB0,MKS1,P553L,0.992
Q9NXB0,MKS1,P553K,0.946
Q9NXB0,MKS1,P553C,0.925
Q9NXB0,MKS1,P553D,0.917
Q9NXB0,MKS1,P553E,0.957
Q9NXB0,MKS1,P553A,1.044
Q9NXB0,MKS1,P553G,0.907
Q9NXB0,MKS1,P553H,0.986
Q9NXB0,MKS1,P553I,0.929
Q9NXB0,MKS1,P553F,0.909
Q9NXB0,MKS1,S554N,1.084
Q9NXB0,MKS1,S554Y,0.967
Q9NXB0,MKS1,S554W,0.905
Q9NXB0,MKS1,S554V,0.938
Q9NXB0,MKS1,S554T,1.072
Q9NXB0,MKS1,S554R,0.978
Q9NXB0,MKS1,S554Q,0.972
Q9NXB0,MKS1,S554P,0.995
Q9NXB0,MKS1,S554M,0.978
Q9NXB0,MKS1,S554L,0.955
Q9NXB0,MKS1,S554K,0.974
Q9NXB0,MKS1,S554C,1.03
Q9NXB0,MKS1,S554D,0.97
Q9NXB0,MKS1,S554E,0.944
Q9NXB0,MKS1,S554A,1.07
Q9NXB0,MKS1,S554G,1.028
Q9NXB0,MKS1,S554H,0.962
Q9NXB0,MKS1,S554I,0.952
Q9NXB0,MKS1,S554F,0.972
Q9NXB0,MKS1,G555N,1.08
Q9NXB0,MKS1,G555W,1.002
Q9NXB0,MKS1,G555V,1.019
Q9NXB0,MKS1,G555T,1.007
Q9NXB0,MKS1,G555Y,0.941
Q9NXB0,MKS1,G555R,1.051
Q9NXB0,MKS1,G555Q,0.999
Q9NXB0,MKS1,G555P,0.956
Q9NXB0,MKS1,G555M,0.96
Q9NXB0,MKS1,G555S,1.118
Q9NXB0,MKS1,G555K,0.996
Q9NXB0,MKS1,G555A,1.122
Q9NXB0,MKS1,G555C,1.042
Q9NXB0,MKS1,G555D,1.061
Q9NXB0,MKS1,G555L,0.909
Q9NXB0,MKS1,G555F,0.964
Q9NXB0,MKS1,G555H,0.986
Q9NXB0,MKS1,G555I,0.954
Q9NXB0,MKS1,G555E,1.044
Q9NXB0,MKS1,T556N,1.112
Q9NXB0,MKS1,T556Y,1.009
Q9NXB0,MKS1,T556W,0.921
Q9NXB0,MKS1,T556V,1.106
Q9NXB0,MKS1,T556S,1.143
Q9NXB0,MKS1,T556R,1.054
Q9NXB0,MKS1,T556Q,1.039
Q9NXB0,MKS1,T556P,1.053
Q9NXB0,MKS1,T556M,1.126
Q9NXB0,MKS1,T556L,1.039
Q9NXB0,MKS1,T556K,1.066
Q9NXB0,MKS1,T556C,1.061
Q9NXB0,MKS1,T556D,0.995
Q9NXB0,MKS1,T556E,1.014
Q9NXB0,MKS1,T556A,1.142
Q9NXB0,MKS1,T556G,1.003
Q9NXB0,MKS1,T556H,1.015
Q9NXB0,MKS1,T556I,1.114
Q9NXB0,MKS1,T556F,0.996
Q9NXB0,MKS1,L557N,1.016
Q9NXB0,MKS1,L557W,1.084
Q9NXB0,MKS1,L557V,1.182
Q9NXB0,MKS1,L557T,1.09
Q9NXB0,MKS1,L557Y,1.086
Q9NXB0,MKS1,L557R,1.087
Q9NXB0,MKS1,L557Q,1.108
Q9NXB0,MKS1,L557P,1.078
Q9NXB0,MKS1,L557M,1.243
Q9NXB0,MKS1,L557S,1.076
Q9NXB0,MKS1,L557I,1.218
Q9NXB0,MKS1,L557H,1.075
Q9NXB0,MKS1,L557G,0.93
Q9NXB0,MKS1,L557F,1.162
Q9NXB0,MKS1,L557E,1.005
Q9NXB0,MKS1,L557D,0.95
Q9NXB0,MKS1,L557C,1.074
Q9NXB0,MKS1,L557A,1.078
Q9NXB0,MKS1,L557K,1.048
Q9NXB0,MKS1,V558N,0.958
Q9NXB0,MKS1,V558P,0.958
Q9NXB0,MKS1,V558Q,0.982
Q9NXB0,MKS1,V558Y,0.994
Q9NXB0,MKS1,V558T,1.082
Q9NXB0,MKS1,V558W,0.936
Q9NXB0,MKS1,V558M,1.142
Q9NXB0,MKS1,V558S,0.983
Q9NXB0,MKS1,V558L,1.108
Q9NXB0,MKS1,V558R,0.953
Q9NXB0,MKS1,V558I,1.214
Q9NXB0,MKS1,V558H,0.938
Q9NXB0,MKS1,V558G,0.985
Q9NXB0,MKS1,V558F,1.041
Q9NXB0,MKS1,V558E,1.015
Q9NXB0,MKS1,V558D,0.962
Q9NXB0,MKS1,V558C,1.035
Q9NXB0,MKS1,V558A,1.098
Q9NXB0,MKS1,V558K,0.972
Q9NXB0,MKS1,S559N,1.208
Q9NXB0,MKS1,S559P,1.112
Q9NXB0,MKS1,S559V,1.056
Q9NXB0,MKS1,S559R,1.094
Q9NXB0,MKS1,S559T,1.195
Q9NXB0,MKS1,S559M,1.094
Q9NXB0,MKS1,S559Q,1.088
Q9NXB0,MKS1,S559L,1.072
Q9NXB0,MKS1,S559F,1.088
Q9NXB0,MKS1,S559I,1.069
Q9NXB0,MKS1,S559H,1.08
Q9NXB0,MKS1,S559G,1.146
Q9NXB0,MKS1,S559E,1.062
Q9NXB0,MKS1,S559D,1.086
Q9NXB0,MKS1,S559C,1.146
Q9NXB0,MKS1,S559A,1.192
Q9NXB0,MKS1,S559W,1.022
Q9NXB0,MKS1,S559K,1.09
Q9NXB0,MKS1,S559Y,1.084
